27389	2454
30365	17504
29905	24365
29526	18271
28394	3462
30932	24745
26992	2057
28740	3809
27988	3054
30530	7505
28680	3748
26806	1871
26196	1261
28477	3545
26647	1712
31144	24828
26498	1563
25765	827
25522	581
29680	15579
29508	24226
30348	24531
29235	23968
27580	2645
25004	62
27717	2782
30853	12599
27912	2977
30459	15546
27888	2953
30786	8434
30765	6560
25322	381
30745	24671
26320	1385
29699	24289
29673	24282
31373	24903
30880	14494
26558	1623
28081	3148
24957	13
28744	3813
30712	22303
28745	3814
30198	24476
30783	6771
25366	425
25542	601
28583	3651
30725	24661
30344	16195
27237	2302
26623	1688
28286	3354
30524	11107
25959	1024
28548	3616
31135	23079
31291	21307
31062	6141
30702	14040
30534	24600
28724	3793
26419	1484
26483	1548
29275	13629
29185	24112
29288	24158
30031	24417
26810	1875
30353	22077
29661	21225
31345	19074
26562	1627
31032	19670
27251	2316
25943	1008
29537	20529
25733	795
30995	24770
29262	12872
26523	1588
27140	2205
27194	2259
25813	875
30105	24449
28261	3329
30402	7244
26652	1717
25365	424
26874	1939
26149	1214
29717	24296
26780	1845
31013	7234
25680	742
28507	3575
25474	533
30861	10584
30215	24483
25152	210
26126	1191
28690	3758
25762	824
31324	24885
27937	3002
28773	3842
30454	5344
30768	24677
26862	1927
27542	2607
25480	539
30382	23559
29625	17151
25416	475
31263	7238
29122	24088
29345	24175
27083	2148
27135	2200
26814	1879
27522	2587
26740	1805
28021	3088
25045	103
30048	24426
25871	935
26221	1286
28927	3996
28888	3957
28347	3415
28076	3143
25015	73
30652	5214
25814	876
28321	3389
26739	1804
26403	1468
29297	22763
26546	1611
25640	700
26973	2038
29762	22081
25485	544
29896	24359
27775	2840
25989	1054
29367	24182
25679	741
31122	18436
28023	3090
26022	1087
30297	24512
27517	2582
27221	2286
25759	821
30825	24703
30386	5639
30397	4678
29321	9401
30603	19482
26269	1334
27378	2443
25369	428
29270	24150
30573	24616
25947	1012
27303	2368
27240	2305
31145	24829
27013	2078
26151	1216
29902	24363
28012	3078
31370	24901
29816	18128
29706	24292
30045	24425
26978	2043
26207	1272
27942	3007
26680	1745
29523	8829
30776	24682
27254	2319
25878	942
26788	1853
25163	221
27964	3029
26063	1128
30153	14598
30383	24542
26121	1186
26551	1616
27349	2414
30794	13895
29326	18972
26898	1963
28620	3688
29047	18339
30576	24617
28817	3886
29383	6355
24996	54
30203	24477
27403	2468
28911	3980
25335	394
29190	24116
27966	3031
28925	3994
30556	17185
27097	2162
29792	14294
29810	24329
29504	23797
30562	16362
27051	2116
27846	2911
27731	2796
25442	501
30969	15007
31003	15135
29691	8192
25780	842
28626	3694
29043	13963
29463	22288
28375	3443
30850	18288
26593	1658
30759	24674
30929	21706
27849	2914
30199	4722
31169	24835
30959	11184
25671	733
26473	1538
31219	7184
27552	2617
28036	3103
31065	24791
28247	3315
27588	2653
27996	3062
29103	6294
30125	12879
29379	12292
25266	325
28593	3661
30758	22936
30464	15461
25023	81
25246	305
28483	3551
31404	24916
29703	24290
25718	780
29799	17785
27326	2391
25918	982
28323	3391
25770	832
26243	1308
29758	15980
30568	10334
25654	715
27958	3023
27210	2275
25579	638
29183	24110
30740	24667
27563	2628
30897	24730
30467	24574
29499	6305
29330	24171
30456	24571
27465	2530
29947	15563
31354	19643
29729	6183
29139	17071
25802	864
25936	1001
26929	1995
25993	1058
25512	571
28689	3757
29660	6005
30761	11821
31278	4379
27851	2916
25495	554
27014	2079
29784	24317
28141	3208
25113	171
30884	24724
29652	24277
26926	1992
31269	19879
30554	12568
27726	2791
29216	12094
27822	2887
26326	1391
27568	2633
31147	6272
30533	24599
29930	15478
28153	3220
30919	14818
27530	2595
26520	1585
28296	3364
28379	3447
29335	24172
29093	24078
27328	2393
26581	1646
26597	1662
25712	774
25810	872
31392	24911
25292	351
27528	2593
26466	1531
30361	24537
28357	3425
29323	24169
26953	2018
26941	2006
30424	19146
25809	871
25484	543
29004	15935
26104	1169
26376	1441
27926	2991
29434	7391
25233	292
29374	23962
30590	16807
26344	1409
30173	16816
25641	702
27174	2239
31289	9437
26886	1951
30323	11394
28950	4080
28470	3538
30837	18458
25642	703
30158	9842
27629	2694
28703	3771
25540	599
28134	3201
26957	2022
28230	3298
29459	13866
28962	24032
27181	2246
29742	13798
27085	2150
31008	15641
25541	600
26088	1153
27178	2243
31115	11243
30166	10661
29879	12634
27448	2513
30343	13748
30482	10130
29804	24326
31020	24778
31364	17095
26171	1236
29571	8368
25223	282
31193	21389
29636	9244
28418	3486
27608	2673
26257	1322
30544	24605
29488	12341
28409	3477
26493	1558
28751	3820
26797	1862
25566	625
29182	6119
27463	2528
28663	3731
26408	1473
30130	20244
26741	1806
27289	2354
31249	17279
25093	151
30760	23331
28749	3818
26883	1948
25775	837
27336	2401
28983	4802
27780	2845
26606	1671
26793	1858
29359	16311
28831	3900
26253	1318
25109	167
27020	2085
30128	7565
26850	1915
28909	3978
29948	16194
29638	13778
27708	2773
30763	13728
27338	2403
25181	239
28422	3490
25615	674
26053	1118
30851	18689
31331	18444
25580	639
29272	15019
26062	1127
28647	3715
29045	9143
30950	24757
30280	24503
28637	3705
26817	1882
25096	154
27370	2435
25026	84
26337	1402
28932	24931
30818	7508
28521	3589
29674	13378
25797	859
30856	24716
31236	8725
28739	3808
25471	530
27558	2623
31224	24852
27218	2283
28526	3594
26952	2017
30282	24504
27734	2799
30545	17788
27592	2657
30582	24618
30363	5778
29746	24305
26825	1890
26866	1931
27873	2938
27144	2209
30247	12174
28929	3998
27901	2966
28491	3559
27523	2588
30653	8881
29412	24200
27383	2448
30167	9192
26084	1149
27514	2579
27666	2731
29184	24111
28549	3617
27312	2377
25988	1053
27496	2561
28720	3789
30629	19652
28413	3481
27112	2177
26600	1665
27258	2323
27868	2933
25245	304
31262	11606
29720	10293
25371	430
29847	24344
28765	3834
25832	895
26932	1998
30834	24706
28353	3421
29606	17685
29134	24093
25517	576
29856	11838
27882	2947
27715	2780
25118	176
29483	24217
27432	2497
28664	3732
25399	458
29509	6890
29169	6759
31120	24820
30079	13990
25003	61
27877	2942
28253	3321
27510	2575
28234	3302
31424	20785
30036	24419
27437	2502
28252	3320
25824	887
28719	3788
27802	2867
29422	5487
25009	67
29194	10085
31099	5961
28064	3131
29260	24147
28181	3248
30916	12218
29772	18094
30498	23112
29642	24273
25095	153
30345	24529
27396	2461
28815	3884
25436	495
29108	24083
31042	5851
25887	951
28314	3382
28299	3367
30847	24711
31119	13557
24988	46
26020	1085
25068	126
26169	1234
27801	2866
27706	2771
26424	1489
28552	3620
29690	24286
29685	24284
27004	2069
25808	870
27651	2716
24976	34
29378	20134
29889	10025
25298	357
26272	1337
26362	1427
29223	23409
31184	10035
25536	595
30764	12041
28454	3522
29411	4860
29468	11405
27905	2970
29707	4372
29511	6828
27282	2347
30600	14525
30480	8930
28511	3579
25618	677
30655	24641
28830	3899
26134	1199
30560	9871
30479	6871
27060	2125
28767	3836
27244	2309
29684	16584
28553	3621
31046	21192
28157	3224
25235	294
27491	2556
28901	3970
26954	2019
28915	3984
30309	24517
26949	2014
26195	1260
29314	5313
25763	825
30883	24723
31210	23265
26357	1422
31183	13273
26476	1541
25672	734
25083	141
27980	3046
30276	9078
26599	1664
26123	1188
25158	216
26567	1632
29191	13259
29258	24146
28883	3952
27949	3014
29277	24152
27573	2638
25424	483
28111	3178
31012	11238
28754	3823
31006	19520
25669	731
28404	3472
28843	3912
26296	1361
26721	1786
25251	310
25243	302
27455	2520
27186	2251
25131	189
30180	24467
26730	1795
29431	17912
27468	2533
31013	13015
27997	3063
27266	2331
28822	3891
27698	2763
29556	24244
28327	3395
29798	8423
27136	2201
25508	567
28989	11444
28122	3189
25900	964
26770	1835
25412	471
30557	24611
27495	2560
28368	3436
26097	1162
26951	2016
30476	24577
30014	22885
26437	1502
27512	2577
27843	2908
31131	21709
26479	1544
31341	24890
29735	6471
27093	2158
27030	2095
30643	16692
29426	24204
29287	24157
26861	1926
26237	1302
27640	2705
28082	3149
27501	2566
31084	24799
26281	1346
28440	3508
25631	691
30053	12060
28775	3844
31297	14466
28645	3713
30222	8424
27505	2570
26045	1110
31358	9551
28532	3600
31402	21966
29832	13098
29793	5804
28070	3137
27648	2713
27375	2440
28828	3897
27638	2703
25660	721
25459	518
24982	40
30809	16566
30503	24586
31197	24841
29429	24205
26889	1954
29757	8172
29416	4300
27010	2075
31027	24780
26028	1093
30798	24689
29831	24337
25787	849
26017	1082
26312	1377
31412	8777
25070	128
26175	1240
26491	1556
27947	3012
29849	9721
25607	666
29657	24279
29578	24250
27960	3025
27318	2383
29062	15923
27835	2900
30591	6260
29842	24342
25010	68
29963	22452
25857	920
30593	11767
29745	24304
29490	15956
25667	729
28020	3087
30621	22194
28017	3084
27815	2880
28683	3751
25147	205
27772	2837
25604	663
28687	3755
29088	24075
25758	820
29973	24397
29821	24332
26839	1904
30226	7141
26791	1856
30334	22217
30942	24753
28416	3484
26283	1348
29216	12448
28042	3109
27752	2817
29997	24406
28452	3520
30700	5887
25888	952
30484	14270
27304	2369
28761	3830
30331	6179
31168	24834
30159	24462
27785	2850
27713	2778
29552	24241
28737	3806
26556	1621
27405	2470
25079	137
29441	8906
25691	753
28596	3664
30900	24732
28231	3299
26450	1515
30630	9694
28917	3986
29458	24211
29147	6235
25620	680
30387	24543
26971	2036
29955	12237
26828	1893
28982	12934
26835	1900
25353	412
27443	2508
29144	11918
26209	1274
26654	1719
31103	24807
29273	14000
26772	1837
30790	15305
26275	1340
27596	2661
25559	618
31149	5808
25625	685
30803	7242
28150	3217
29851	22952
24984	42
26308	1373
30515	9941
26412	1477
31158	4695
27520	2585
30921	5948
26085	1150
30135	24455
31151	24830
26903	1968
25743	805
26033	1098
27955	3020
30871	17635
30941	4435
28467	3535
30824	24702
28392	3460
27376	2441
30494	21807
28183	3250
31333	13349
30005	5349
31100	24805
26211	1276
31230	21961
25914	978
26936	2001
30805	17200
26638	1703
26358	1423
30050	23465
24944	0
30937	18725
27564	2629
28210	3277
29113	10205
24962	19
26528	1593
27054	2119
30635	9554
27361	2426
29843	8904
27754	2819
30038	24421
30991	23277
28311	3379
30983	14156
29908	24366
27741	2806
26364	1429
26618	1683
28768	3837
25422	481
28192	3259
26947	2012
26934	1999
29046	5501
28878	3947
30221	18293
30875	24720
31112	24815
26260	1325
31157	15837
27622	2687
30559	7395
26963	2028
28586	3654
25468	527
25977	1042
27758	2823
27685	2750
28995	24043
27728	2793
27325	2390
28675	3743
26345	1410
25629	689
25289	348
25057	115
26294	1359
25836	899
29156	24098
25282	341
26583	1648
27099	2164
25855	918
31378	21275
25719	781
29512	7002
29132	24091
30793	16672
25690	752
26574	1639
27415	2480
27766	2831
25927	991
31218	24851
30164	4083
27583	2648
28537	3605
29950	24387
27722	2787
27617	2682
24960	17
27182	2247
27459	2524
29928	5820
26016	1081
28707	3776
24969	26
30505	24587
29867	24352
27600	2665
29259	18161
25491	550
25962	1027
31248	14627
31420	23981
26233	1298
27160	2225
27206	2271
30213	24481
26831	1896
30161	11929
27703	2768
26247	1312
30912	17507
27041	2106
25880	944
31101	14316
26510	1575
27056	2121
31058	4367
29635	14500
30572	10268
28116	3183
28764	3833
28308	3376
29939	24384
25419	478
30496	23503
25069	127
31110	24813
30634	17426
28140	3207
28978	16994
26946	2011
27819	2884
28205	3272
27553	2618
27086	2151
28329	3397
28280	3348
27913	2978
31395	24912
27005	2070
25872	936
30574	10546
25891	955
26589	1654
26759	1824
29766	5628
30006	24410
27364	2429
27394	2459
27686	2751
28293	3361
30243	5366
30132	13390
30715	4060
29110	24085
25707	769
27601	2666
28741	3810
28346	3414
26617	1682
30718	4876
29090	7230
26995	2060
26228	1293
26446	1511
30811	24695
30519	8042
30210	16146
31017	24776
28011	3077
25236	295
25049	107
26830	1895
25663	724
24995	53
31207	5765
30650	24640
26353	1418
25867	931
29506	12693
27354	2419
28732	3801
29389	24190
28105	3172
25525	584
25609	668
27548	2613
26163	1228
25302	361
27975	3041
26095	1160
28114	3181
26193	1258
29672	6340
29482	19881
31048	5954
27429	2494
25005	63
26738	1803
25051	109
30622	18944
28310	3378
29681	11449
25454	513
27117	2182
26531	1596
29675	9356
27352	2417
30414	23609
30896	14037
30514	6869
26749	1814
25742	804
26675	1740
25247	306
29507	18406
27753	2818
29016	20992
27789	2854
30902	8116
28851	3920
29927	24376
27916	2981
27309	2374
29970	6598
26514	1579
25230	289
25087	145
27700	2765
25396	455
30694	20432
25120	178
25723	785
30310	24518
26575	1640
28382	3450
28900	3969
25143	201
27190	2255
30499	22995
25923	987
25239	298
25451	510
25554	613
31372	6607
29480	16491
28584	3652
28834	3903
30567	24614
31264	21608
26131	1196
27939	3004
30357	23692
27071	2136
28184	3251
26660	1725
28040	3107
28899	3968
29876	9019
31398	23030
31384	8168
27674	2739
31240	24859
30187	11852
27886	2951
27154	2219
28338	3406
28155	3222
28316	3384
24948	4
27165	2230
26103	1168
31382	24907
27292	2357
26194	1259
29730	5206
30046	20845
29240	24132
30570	13849
28095	3162
27393	2458
28218	3286
30844	9239
28847	3916
28965	24034
27203	2268
28303	3371
26094	1159
28415	3483
27587	2652
29126	24090
28931	24930
25467	526
28795	3864
25157	215
30090	16823
27217	2282
27078	2143
31227	24854
29452	13591
28854	3923
30535	24601
31124	24821
28825	3894
28781	3850
28802	3871
26399	1464
31081	21963
28500	3568
30704	24653
27191	2256
25564	623
28840	3909
25837	900
26993	2058
31342	6205
25995	1060
27202	2267
30631	4201
28222	3290
29212	19701
26418	1483
28225	3293
29855	24348
26656	1721
27534	2599
29449	15389
25772	834
30754	10701
27733	2798
27164	2229
30509	24589
26367	1432
25303	362
27623	2688
30379	12978
29782	15681
27945	3010
27620	2685
26027	1092
31159	11624
25219	278
25090	148
27207	2272
28449	3517
27589	2654
26944	2009
26758	1823
25440	499
30584	8402
30821	24701
25336	395
27908	2973
30400	15918
29207	24120
27817	2882
30965	24762
28705	3773
28531	3599
26960	2025
28459	3527
28388	3456
30061	24432
29050	4478
30914	24739
26707	1772
26506	1571
28254	3322
30462	24573
29197	23864
26075	1140
29424	9059
28364	3432
25619	679
28367	3435
25782	844
25881	945
30907	16627
26225	1290
30092	24446
30338	12601
26645	1710
25905	969
26790	1855
27854	2919
27911	2976
30771	8540
27791	2856
25940	1005
29882	12500
28538	3606
26769	1834
29633	24270
27176	2241
27118	2183
29390	17996
25964	1029
28836	3905
26183	1248
25050	108
30658	24642
30506	8569
26180	1245
25674	736
26147	1212
26396	1461
30154	17278
30030	9274
29607	4525
29862	12617
25368	427
28644	3712
31002	24773
31175	24837
25761	823
31186	14555
27837	2902
27694	2759
28527	3595
28716	3785
28650	3718
27516	2581
26216	1281
27970	3036
26965	2030
28335	3403
31031	24782
30075	16881
30469	24576
26379	1444
25774	836
30716	24657
26632	1697
25815	877
26371	1436
25063	121
26072	1137
30453	24569
28747	3816
29653	16727
25318	377
26177	1242
29715	12984
26713	1778
28614	3682
25689	751
29423	18582
30774	24681
29768	5174
28271	3339
29808	8679
30412	5864
28661	3729
27131	2196
25314	373
25961	1026
28207	3274
30256	24494
25483	542
30963	24761
25692	754
28133	3200
27271	2336
29417	8931
29203	7417
31080	10956
30372	23922
30698	8893
26200	1265
28172	3239
27395	2460
28228	3296
26714	1779
27216	2281
29761	6628
31261	14797
26066	1131
29995	19256
29361	11746
30744	7798
30404	21157
29679	10764
26710	1775
31272	24869
27799	2864
26219	1284
31153	4699
27927	2992
28089	3156
25190	249
30322	24524
27452	2517
31172	24836
30739	5334
28428	3496
29770	8000
28014	3081
29063	24065
30523	24596
27550	2615
30218	22084
29748	24307
25613	672
25569	628
27197	2262
25953	1018
25979	1044
30638	23093
31274	17736
30606	19658
27865	2930
28465	3533
28850	3919
28704	3772
31276	9620
31383	24908
28631	3699
30527	13686
26018	1083
31134	24824
27773	2838
30814	17548
28700	3768
29386	20624
25330	389
28024	3091
30392	5720
25221	280
28858	3927
26611	1676
28442	3510
25955	1020
31332	14689
26918	1984
25584	643
31029	24781
29266	8399
25006	64
26847	1912
28405	3473
29538	22932
28341	3409
28810	3879
30865	20025
26386	1451
27152	2217
30817	9917
29880	24356
25636	696
25405	464
26365	1430
26001	1066
25255	314
31329	10852
27006	2071
29968	24393
29060	24064
30155	12683
25257	316
30628	14284
30225	24485
27104	2169
26377	1442
27090	2155
29536	24234
25551	610
28053	3120
28712	3781
29074	12443
26158	1223
28748	3817
25593	652
29714	18208
30465	6790
29334	5515
27462	2527
24967	24
30507	24588
28160	3227
26392	1457
31226	24853
29264	15896
27967	3032
25358	417
26042	1107
29873	24354
31343	9225
26305	1370
28889	3958
28481	3549
25785	847
29534	10263
25709	771
28717	3786
28803	3872
25414	473
28075	3142
27810	2875
25114	172
31325	4825
28554	3622
29289	16530
31133	8623
27333	2398
27267	2332
25502	561
26128	1193
30962	12361
27270	2335
29229	4211
26106	1171
25568	627
25343	402
27736	2801
31166	14029
27446	2511
25697	759
27932	2997
27341	2406
27367	2432
31414	19574
29377	9293
25378	437
30340	20637
29704	24291
26684	1749
28801	3870
31156	21498
27397	2462
29371	24185
25944	1009
29989	8247
25404	463
29884	4534
31245	24861
26841	1906
30211	24480
27280	2345
30894	23575
29731	24299
26809	1874
27347	2412
29058	24063
28542	3610
30267	24497
30672	6622
29952	5003
29550	24239
31252	21413
26049	1114
30946	21867
28885	3954
29665	11903
29236	16737
29813	24330
30240	19668
25425	484
25376	435
30107	6446
30234	7193
25932	997
30292	24509
30880	5969
25135	193
27077	2142
31128	24823
26416	1481
26321	1386
30067	16509
29783	24316
29739	18611
28934	24933
30889	24726
29357	4312
26007	1072
30978	4038
30007	21431
26060	1125
26241	1306
28343	3411
27007	2072
30601	8124
26429	1494
27198	2263
29039	8132
27984	3050
26125	1190
27373	2438
29940	24385
30851	10235
25987	1052
25408	467
27039	2104
30366	24538
27021	2086
25024	82
27631	2696
27359	2424
29078	17459
27524	2589
28096	3163
27667	2732
28864	3933
28058	3125
28845	3914
26052	1117
26372	1437
30358	11167
29920	24372
28068	3135
29303	18463
30193	4924
29584	4933
26298	1363
27839	2904
25866	929
28709	3778
28237	3305
25341	400
24954	10
29368	24183
29505	9863
25086	144
30689	24649
30611	24628
29573	16707
27526	2591
25384	443
25098	156
28679	3747
26290	1355
30553	24610
28138	3205
25144	202
27606	2671
30009	9181
29942	24386
26657	1722
25735	797
26629	1694
26665	1730
25085	143
30682	23204
26394	1459
25284	343
28196	3263
25928	992
29594	17468
30190	24471
31346	16781
28557	3625
28881	3950
28868	3937
31300	14414
30879	24722
29895	10065
31270	24868
25441	500
26778	1843
29312	11679
26130	1195
25169	227
30531	24598
26694	1759
28623	3691
31277	24871
28016	3083
30666	13029
27881	2946
28658	3726
26688	1753
26504	1569
28980	8649
27500	2565
27163	2228
30300	24514
28127	3194
28585	3653
27296	2361
27212	2277
29114	9772
25693	755
26701	1766
26044	1109
28238	3306
27876	2941
29461	24212
25868	932
29225	24127
29005	10960
26901	1966
29725	5140
28336	3404
29916	6304
31394	18120
30999	20670
30449	9576
26309	1374
26542	1607
30461	6843
25757	819
30054	24428
28489	3557
31301	6575
27116	2181
25798	860
29418	18172
27048	2113
29650	24276
25271	330
29460	14426
24973	30
25137	195
27142	2207
30134	8920
25375	434
30979	4057
30024	23189
26904	1969
30236	17855
28041	3108
28152	3219
25291	350
27306	2371
27029	2094
26827	1892
28879	3948
26124	1189
29124	24089
29617	24264
29786	11152
28786	3855
26073	1138
29038	7571
27222	2287
27852	2917
28232	3300
28482	3550
31298	23037
28872	3941
29443	17890
26704	1769
29296	16208
27613	2678
25304	363
29519	24229
29859	24349
27829	2894
26536	1601
28486	3554
25264	323
28002	3068
25612	671
28536	3604
28185	3252
25252	311
24994	52
26894	1959
31266	24867
30364	10466
27539	2604
29753	12215
27377	2442
25262	321
27681	2746
30780	24685
26813	1878
26484	1549
28277	3345
29909	24367
27872	2937
26472	1537
29249	24138
27081	2146
25060	118
29985	14258
27473	2538
27804	2869
26420	1485
29111	8863
27320	2385
26111	1176
25526	585
25852	915
30410	24551
25476	535
25968	1033
28873	3942
29912	24369
30710	13352
31055	18769
26888	1953
30136	18060
29521	23806
30442	24564
28581	3649
24977	35
26751	1816
28525	3593
27185	2250
26041	1106
30298	24513
25362	421
30695	24651
26854	1919
27189	2254
25410	469
30920	24741
27002	2067
30123	6691
26343	1408
27925	2990
25537	596
27232	2297
25244	303
27028	2093
27782	2847
28926	3995
29763	6949
25534	593
28034	3101
31340	24889
27618	2683
27643	2708
26285	1350
25812	874
30275	24500
25428	487
26189	1254
30100	4163
31362	24897
26143	1208
25740	802
26146	1211
29775	24313
28400	3468
26855	1920
29621	24267
26815	1880
25907	971
27511	2576
29914	23499
28056	3123
26699	1764
29356	22038
25234	293
26766	1831
31017	9657
25873	937
26271	1336
28819	3888
29257	24145
25595	654
31015	19396
31117	24818
26080	1145
31338	4762
26840	1905
25499	558
29019	18032
30832	5328
25831	894
27527	2592
27867	2932
26845	1910
27940	3005
25658	719
28339	3407
30602	7524
25895	959
30373	8746
26478	1543
29233	19716
27183	2248
26043	1108
28905	3974
30455	24570
30176	19116
26263	1328
26637	1702
25058	116
28045	3112
31246	5505
29474	12843
29201	16858
25727	789
26826	1891
30977	7292
26252	1317
30901	16052
31369	24900
27245	2310
29946	13075
27571	2636
30649	4873
30142	24457
28735	3804
27120	2185
28798	3867
29344	24174
25635	695
27519	2584
28248	3316
31118	24819
28370	3438
26663	1728
28480	3548
27898	2963
31049	22897
30301	12043
25606	665
27757	2822
27636	2701
28143	3210
25686	748
30841	8197
26254	1319
27368	2433
30954	19032
30890	9658
25827	890
31096	18237
30457	24572
27369	2434
27946	3011
27295	2360
30734	24665
28156	3223
25971	1036
28955	24029
30444	24566
27549	2614
31391	24910
29539	12244
31229	24856
25328	387
27807	2872
28994	8076
28145	3212
26395	1460
30127	17986
26400	1465
30172	8245
31422	24923
27567	2632
31077	15063
30091	14269
26820	1885
31355	5696
28606	3674
28619	3687
29214	5057
31192	24839
27064	2129
25790	852
27923	2988
25984	1049
28930	3999
27989	3055
29465	24214
25951	1016
27604	2669
26955	2020
25128	186
30477	18558
30392	18638
27603	2668
26935	2000
26410	1475
25295	354
29956	5255
27196	2261
28694	3762
29254	24143
29924	12351
30042	24423
27450	2515
31334	19164
25972	1037
27560	2625
26762	1827
26170	1235
30390	24544
29102	17720
28251	3319
29228	9440
28128	3195
26375	1440
26945	2010
27211	2276
28443	3511
27729	2794
26672	1737
29189	24115
27464	2529
26545	1610
26569	1634
30799	13700
26650	1715
25213	272
30253	24492
30976	24765
30209	20226
30333	7544
27569	2634
29903	24364
27632	2697
29975	14099
30846	24710
29286	8392
30887	12738
29510	14339
25460	519
26382	1447
25926	990
26869	1934
28100	3167
24949	5
31282	12003
26363	1428
25034	92
31271	13013
28904	3973
29529	8642
30827	6490
28780	3849
27058	2123
30473	13639
24979	37
25677	739
26538	1603
26833	1898
28756	3825
28804	3873
29176	20761
26031	1096
25805	867
25094	152
29089	24076
27045	2110
29069	4983
30960	7640
27710	2775
26059	1124
29845	24343
29531	18205
26499	1564
31313	15287
27749	2814
27551	2616
30224	9288
28437	3505
29484	24218
30421	24556
30767	20291
25176	234
28818	3887
25714	776
30182	8835
30885	24725
27759	2824
29846	20338
26584	1649
30427	17423
26578	1643
25156	214
28471	3539
30870	9847
30903	22548
30196	24474
30819	15188
26727	1792
25450	509
30063	24434
27236	2301
30191	24472
28673	3741
27704	2769
30765	24675
29960	24390
26661	1726
29651	19249
29204	20781
29398	7341
25699	761
27931	2996
29300	15779
27730	2795
30201	9326
26552	1617
26747	1812
30430	24559
31236	16015
26796	1861
25209	268
24999	57
28038	3105
30117	4510
25781	843
26385	1450
27201	2266
31352	24893
27223	2288
30706	15760
25231	290
28706	3775
27824	2889
31009	19406
24986	44
31235	24857
25684	746
28944	24026
29030	8783
30037	24420
25708	770
31206	21208
30639	24636
30605	6712
30742	24669
24952	8
31427	24926
30525	23622
28813	3882
27441	2506
29246	24137
30815	24698
28796	3865
31024	15680
30493	20760
25261	320
28928	3997
29829	24335
24968	25
26327	1392
31433	16009
29491	23620
26612	1677
26630	1695
29870	24353
25600	659
30097	10414
29823	24333
28063	3130
28611	3679
27985	3051
27696	2761
26664	1729
30690	5521
30522	7182
30047	14112
29168	24104
26289	1354
28383	3451
28235	3303
28725	3794
28099	3166
27153	2218
25165	223
26323	1388
28696	3764
26190	1255
29413	24201
29893	19237
29025	5414
26360	1425
31011	22853
29977	24398
25839	902
29781	24315
27683	2748
29616	24263
27172	2237
28281	3349
26969	2034
25602	661
30488	5502
26624	1689
26719	1784
28386	3454
24981	39
31176	17568
28778	3847
31030	21282
28653	3721
29776	24314
31339	12009
30408	19050
31434	19204
27420	2485
27435	2500
25870	934
27158	2223
25934	999
30150	18443
28227	3295
29044	21384
26313	1378
26099	1164
26076	1141
29439	13168
28125	3192
28512	3580
25379	438
31380	9488
31379	9378
26881	1946
31409	21170
31403	24915
27018	2083
28121	3188
29500	24224
26015	1080
30678	24648
29388	21899
27315	2380
27150	2215
30278	18073
25275	334
25097	155
27507	2572
26092	1157
26643	1708
29738	14016
28772	3841
26685	1750
26716	1781
28363	3431
25597	656
29247	14449
30586	24620
27502	2567
26725	1790
30219	24484
30111	24450
28534	3602
29099	24082
25869	933
29719	7251
30548	19491
26468	1533
27659	2724
30409	24550
31267	14343
29013	17489
25435	494
29036	24055
27885	2950
29544	15672
25017	75
27025	2090
29595	6268
26421	1486
27031	2096
28186	3253
31405	22563
29980	5229
27155	2220
27037	2102
29363	24180
28003	3069
26224	1289
29244	24136
26453	1518
28783	3852
30428	18430
28377	3445
31254	24863
25575	634
31223	14281
29497	14829
31146	12139
28941	24940
30899	12478
26522	1587
27650	2715
25198	257
31069	24793
25997	1062
30854	24714
27986	3052
29145	7320
25178	236
28721	3790
27723	2788
29056	24061
30052	21166
28615	3683
25711	773
27317	2382
31155	8099
29546	24236
26397	1462
28588	3656
26352	1417
31068	20779
27307	2372
30785	15768
28988	24042
29049	24058
27792	2857
30491	5550
29222	24126
24983	41
29915	24370
31171	5762
25791	853
26821	1886
30405	19456
26490	1555
30263	8435
26870	1935
27537	2602
30868	9414
26307	1372
25530	589
25020	78
29234	24130
31199	24843
30751	24673
29888	24358
30116	12323
31220	13431
27892	2957
25179	237
28044	3111
29801	24324
26168	1233
25744	806
30868	11401
26029	1094
26464	1529
30214	24482
30217	19843
27470	2535
25668	730
26921	1987
25166	224
27458	2523
26342	1407
27533	2598
28515	3583
28949	24027
30440	24563
27808	2873
27066	2131
25656	717
28369	3437
28699	3767
26198	1263
29167	24103
26226	1291
27390	2455
31397	24914
29160	7564
26236	1301
31309	24878
30688	8198
30074	8047
26801	1866
26832	1897
29877	8148
27609	2674
25016	74
29221	24125
27896	2961
25882	946
30571	14014
25227	286
25437	496
27417	2482
25374	433
29602	7665
30102	12871
27230	2295
27556	2621
30103	21607
29129	8018
27719	2784
26438	1503
27656	2721
31215	19939
26671	1736
28349	3417
28957	11521
26818	1883
25529	588
26034	1099
26112	1177
28325	3393
30980	4220
26339	1404
29196	22347
25673	735
27348	2413
31328	14441
25310	369
31215	4443
28603	3671
30422	9469
30312	17153
30000	12181
25258	317
26293	1358
26004	1069
29384	14041
31387	14558
29096	24080
26728	1793
27880	2945
25571	630
27213	2278
28573	3641
27243	2308
26201	1266
25728	790
30121	5406
27565	2630
25043	101
30197	24475
29898	24361
30069	24438
25664	725
26160	1225
29163	24101
30708	17449
27111	2176
25283	342
28697	3765
28164	3231
25520	579
25799	861
30027	11814
27570	2635
29721	17525
30724	11962
27436	2501
27644	2709
25736	798
30347	16868
29723	7112
28004	3070
27337	2402
26036	1101
28839	3908
26288	1353
29450	24208
25065	123
28352	3420
26802	1867
29382	20762
28708	3777
26666	1731
28870	3939
29982	4445
28359	3427
28726	3795
28591	3659
29549	19154
28263	3331
28921	3990
29057	24062
30437	24562
30520	24595
31413	24919
29073	17332
26887	1952
28262	3330
28194	3261
29399	24193
29105	5453
28052	3119
30328	24526
28789	3858
26956	2021
28432	3500
30922	20238
25788	850
27015	2080
26140	1205
26304	1369
27101	2166
26775	1840
30106	23003
31279	11648
26748	1813
25229	288
25394	453
26723	1788
25193	252
27143	2208
26851	1916
27329	2394
28380	3448
26182	1247
30543	15749
24965	22
26594	1659
25507	566
25082	140
29881	8509
28590	3658
26554	1619
25423	482
30755	9375
27612	2677
26311	1376
31250	4099
27853	2918
25773	835
25830	893
29100	6158
25565	624
25319	378
27305	2370
28132	3199
30640	24637
29428	7060
27856	2921
28272	3340
25939	1004
25383	442
25464	523
25577	636
30626	24633
30429	24558
28893	3962
26991	2056
25547	606
26938	2003
27055	2120
31079	8941
26417	1482
30905	24734
29771	9086
28054	3121
31179	24838
26109	1174
28468	3536
30510	24590
26846	1911
30566	9656
28331	3399
25637	697
28049	3116
26012	1077
28439	3507
30378	9741
30315	13340
30680	22319
29464	24213
28174	3241
25599	658
26984	2049
25038	96
27145	2210
31377	19169
30651	6673
30974	23042
30423	14809
28029	3096
30925	23080
26853	1918
27806	2871
29708	18597
29137	24095
27239	2304
27649	2714
26614	1679
27735	2800
26513	1578
26014	1079
28170	3237
27803	2868
27371	2436
26081	1146
31213	5690
28516	3584
30101	24448
27008	2073
28148	3215
25478	537
27952	3017
26366	1431
29865	4927
30023	11518
27513	2578
28656	3724
24961	18
30772	24679
25990	1055
28863	3932
31063	16460
24990	48
27864	2929
30346	24530
25033	91
31064	5730
26391	1456
27720	2785
27466	2531
26937	2002
25115	173
30432	5651
31173	22018
31189	20123
30581	11424
30062	24433
30898	24731
28043	3110
25012	70
29622	6780
25214	273
28430	3498
30679	13708
30953	11819
26159	1224
30034	24418
30747	24672
29522	15023
28217	3285
30599	15784
26319	1384
29299	24160
25001	59
26384	1449
28268	3336
28060	3127
28730	3799
30200	6615
25431	490
27327	2392
25177	235
28362	3430
26916	1981
27124	2189
27311	2376
25702	764
26512	1577
27845	2910
29630	15269
31283	14045
31365	24898
30058	13684
25194	253
27682	2747
28496	3564
25439	498
27861	2926
29402	11560
26962	2027
30813	24697
25388	447
25418	477
26387	1452
31366	16010
30104	23694
29407	24196
25493	552
25386	445
29869	14273
28340	3408
27046	2111
28852	3921
26457	1522
26735	1800
27265	2330
26108	1173
25447	506
25864	927
25272	331
26037	1102
26458	1523
28924	3993
27242	2307
28435	3503
25682	744
30826	24704
29318	24167
25472	531
30432	12762
29112	23072
29128	10596
25973	1038
27357	2422
30064	24435
27049	2114
29080	21224
25911	975
27063	2128
28958	17766
27957	3022
27509	2574
30860	22011
29907	23973
26164	1229
29290	6498
25037	95
30319	8065
26603	1668
29669	16501
30723	24660
25105	163
29255	13668
31090	10072
27089	2154
28919	3988
26979	2044
30855	24715
29840	23701
27384	2449
28605	3673
27225	2290
29217	24124
28356	3424
26013	1078
25280	339
29749	24308
29979	24400
27431	2496
25013	71
31357	23711
24951	7
30972	9425
27974	3040
26585	1650
25548	607
29787	10213
31296	12053
26267	1332
30895	10056
30216	4088
28655	3723
31423	24924
27619	2684
31054	18346
29193	24117
31348	19823
28009	3075
27614	2679
25042	100
29570	14450
27693	2758
28860	3929
26776	1841
29455	4370
28427	3495
30124	24453
25500	559
24980	38
30910	20693
26543	1608
29098	15150
30241	24487
31434	21036
25899	963
27365	2430
26576	1641
27767	2832
30807	24694
26736	1801
30258	6908
28624	3692
28625	3693
31090	9701
26101	1166
27235	2300
29372	11774
31361	24896
26406	1471
30057	14869
31228	24855
28241	3309
27544	2609
25937	1002
27652	2717
27805	2870
28229	3297
26724	1789
27343	2408
25865	928
30849	24712
31415	12227
26210	1275
30274	20788
28540	3608
30260	17243
29553	24242
25596	655
28906	3975
27893	2958
25486	545
27627	2692
28001	3067
26690	1755
28215	3283
27816	2881
30904	24733
30271	24498
30550	24608
30342	22852
30881	19632
26628	1693
26867	1932
30114	9860
29586	5779
27611	2676
29933	24379
26754	1819
30732	24664
27070	2135
25492	551
30728	24662
26961	2026
28920	3989
27399	2464
26361	1426
28221	3289
30144	11587
26316	1381
29605	8347
27169	2234
29864	20420
25046	104
28662	3730
27460	2525
27862	2927
30033	13177
30285	24505
30656	7061
29284	19713
26700	1765
29637	10430
30279	24502
28298	3366
28510	3578
28061	3128
27778	2843
28212	3279
26048	1113
27584	2649
31367	5880
28284	3352
25879	943
25835	898
28659	3727
28441	3509
28733	3802
30368	22384
25477	536
27918	2983
29308	12430
28685	3753
25963	1028
27011	2076
29219	9377
29727	21014
30685	14675
27400	2465
25783	845
28916	3985
28278	3346
27275	2340
27999	3065
30909	24737
28894	3963
31225	11856
26415	1480
28139	3206
27044	2109
30669	24646
30413	24553
26970	2035
29493	24221
29360	7970
28161	3228
25804	866
29218	12937
29052	20644
24989	47
28556	3624
27787	2852
27032	2097
26633	1698
28520	3588
26620	1685
26653	1718
25957	1022
26242	1307
30250	7049
26644	1709
26350	1415
28576	3644
26181	1246
29718	24297
25433	492
28837	3906
28635	3703
26443	1508
29564	14311
25162	220
27529	2594
28479	3547
27680	2745
28124	3191
31350	4688
29153	15486
25521	580
27992	3058
27098	2163
28794	3863
29179	6923
26958	2023
31251	10928
30986	13783
31204	17697
28236	3304
27668	2733
30252	24491
27428	2493
25267	326
27832	2897
30040	24422
28090	3157
26133	1198
30272	24499
28245	3313
25695	757
31212	24849
27543	2608
25456	515
28028	3095
26246	1311
30736	21969
26872	1937
26709	1774
26244	1309
26174	1239
26868	1933
29199	22434
29740	24302
27310	2375
27262	2327
28200	3267
29826	4646
28414	3482
26928	1994
26658	1723
27630	2695
28640	3708
26065	1130
29010	7721
28456	3524
26895	1960
26161	1226
26795	1860
30175	24465
26202	1267
28787	3856
26249	1314
27107	2172
29076	6727
28142	3209
28294	3362
26439	1504
30877	24721
25713	775
31280	9002
30175	12127
25030	88
26328	1393
28770	3839
26459	1524
28007	3073
30356	24535
25349	408
25462	521
29524	5844
27776	2841
28171	3238
25346	405
25533	592
30001	13661
26277	1342
30973	15455
28384	3452
30147	24459
29366	24181
25040	98
30648	22637
27831	2896
25487	546
29451	17684
25101	159
31132	12759
30869	10639
25992	1057
25072	130
25578	637
31315	24881
31374	24904
29352	19058
29220	13516
28423	3491
28808	3877
30438	12588
28365	3433
28147	3214
28799	3868
26598	1663
25750	812
26885	1950
27220	2285
29709	11493
30212	23886
26199	1264
30163	13008
30623	21820
25847	910
30926	8291
26507	1572
28907	3976
29027	7165
26669	1734
25183	242
30242	8612
26925	1991
29174	16734
29087	24074
25306	365
31000	20562
31061	21901
26787	1852
30341	14031
30287	24506
29121	24087
29796	24322
29822	19469
30862	18457
31208	24846
30441	12816
31087	24800
25202	261
28666	3734
25466	525
27760	2825
27388	2453
26332	1397
26896	1961
27474	2539
25528	587
27675	2740
27761	2826
27052	2117
25941	1006
28750	3819
26711	1776
30917	15999
27795	2860
28078	3145
31221	22927
25124	182
25269	328
28642	3710
29533	5084
29154	17413
26287	1352
28569	3637
28891	3960
28204	3271
29700	22184
28189	3256
30283	21954
29659	23759
29830	24336
25174	232
30249	24490
30766	24676
30087	18898
30670	19689
29957	24388
27139	2204
28874	3943
30788	9229
25032	90
27628	2693
26090	1155
27414	2479
26167	1232
30389	21654
25044	102
27903	2968
28692	3760
28446	3514
27705	2770
25746	808
30915	24740
30939	24751
31142	21060
26057	1122
26812	1877
28627	3695
25393	452
30251	11982
25014	72
29295	17396
31114	23566
31018	24777
27356	2421
28785	3854
31006	17286
27673	2738
25632	692
30779	24684
27788	2853
25241	300
28827	3896
28488	3556
26485	1550
26670	1735
25842	905
26905	1970
29206	22717
25077	135
29077	15842
29510	23086
30797	15361
26914	1979
27812	2877
31317	24882
29281	18576
26837	1902
30804	24692
31108	24811
29658	8403
25228	287
27689	2754
30901	21476
25187	246
29072	9056
30367	22544
25031	89
27488	2553
28545	3613
25300	359
31435	24928
30518	24594
30311	24519
29774	24312
29386	18033
26359	1424
25100	158
30065	24436
31257	14405
26610	1675
28006	3072
27938	3003
26471	1536
26442	1507
30086	24444
27953	3018
31416	24921
29984	24402
25978	1043
31294	11845
29141	24096
28563	3631
30773	24680
30588	24622
28389	3457
27147	2212
28287	3355
27748	2813
29728	22530
28417	3485
28436	3504
27540	2605
30458	17809
31014	7781
30411	24552
28729	3798
31430	24927
28450	3518
27319	2384
28895	3964
28572	3640
31390	24909
30068	18557
29582	5463
26220	1285
26299	1364
27141	2206
29315	13122
27126	2191
25986	1051
26557	1622
30446	24567
26890	1955
30733	20315
31285	17701
27991	3057
27175	2240
25007	65
30714	24656
31160	13790
25052	110
25634	694
30962	15539
29054	24059
30515	6769
27038	2103
25036	94
29981	24401
29609	6740
31074	13991
30997	24771
30044	20377
27987	3053
27763	2828
25370	429
27299	2364
30956	6633
30237	18103
26166	1231
25224	283
27995	3061
25527	586
28960	15906
25332	391
25611	670
31195	12596
28179	3246
29567	24248
25053	111
28451	3519
25159	217
25633	693
27168	2233
31059	24789
27355	2420
25134	192
30992	7596
29447	5836
26497	1562
25092	150
29430	13108
25840	903
30589	10561
28882	3951
27209	2274
27433	2498
26100	1165
27750	2815
31209	24847
25457	516
24974	31
31182	5343
30369	24539
29618	11398
27387	2452
26231	1296
30385	5691
30035	21047
29631	23657
26764	1829
26469	1534
30577	23993
31268	4073
29396	17258
29911	24368
27074	2139
29760	4703
27965	3030
27982	3048
30762	11684
25545	604
30624	24632
26508	1573
28035	3102
27253	2318
28087	3154
26742	1807
27616	2681
25828	891
27826	2891
25091	149
26858	1923
29809	24328
27314	2379
26341	1406
26122	1187
31393	9434
29140	5840
27660	2725
31255	19094
30162	10565
25683	745
30500	8756
28279	3347
25903	967
30541	6930
26373	1438
30094	10741
30541	19282
28092	3159
29612	6475
29437	19488
27407	2472
30516	24593
26516	1581
28665	3733
28130	3197
25161	219
28306	3374
26615	1680
25351	410
29558	24246
25908	972
29754	15072
25406	465
30238	14457
30475	11395
26268	1333
29724	16939
26712	1777
30316	5669
31138	6669
29354	14690
27827	2892
28752	3821
26985	2050
26334	1399
28618	3686
26619	1684
24978	36
30927	7844
25876	940
28073	3140
30612	6594
25582	641
28211	3278
29993	16777
28636	3704
28738	3807
25232	291
26206	1271
25182	241
26732	1797
29487	24220
29011	24047
27059	2124
25427	486
27033	2098
26948	2013
26250	1315
27860	2925
29226	24128
26800	1865
30184	8210
27823	2888
27993	3059
29634	24271
29283	9695
26047	1112
28242	3310
29162	22397
29561	18599
29897	24360
27559	2624
29138	5299
31231	21777
25843	906
28587	3655
30717	24658
25897	961
29655	17275
29466	23677
31083	24798
30302	6398
27762	2827
28826	3895
27756	2821
26058	1123
30110	12141
29123	23251
25270	329
25848	911
26773	1838
25168	226
29380	13524
26996	2061
30022	6791
27610	2675
27765	2830
28910	3979
30661	15818
29598	24257
31222	4928
31400	15558
29231	24129
25734	796
26411	1476
28469	3537
28410	3478
29996	17932
30263	9172
28385	3453
28051	3118
27027	2092
30845	12407
27034	2099
28518	3586
29780	10846
26055	1120
26116	1181
31363	21660
26768	1833
25150	208
26639	1704
28274	3342
31094	9188
27935	3000
26234	1299
28811	3880
27226	2291
29543	18967
30618	24630
31432	19948
25022	80
28953	19966
25685	747
26625	1690
28759	3828
30738	24666
26777	1842
29496	24223
28976	24038
28203	3270
28048	3115
25752	814
25982	1047
30207	24479
28922	3991
29670	22208
30239	15139
24997	55
25676	738
31359	17112
29647	22641
30993	24768
28360	3428
30791	22670
26541	1606
26880	1945
28862	3931
26570	1635
29440	4601
26356	1421
25648	709
28126	3193
26061	1126
28499	3567
31414	24920
25518	577
25333	392
30359	8238
30399	18883
27386	2451
28397	3465
25983	1048
27875	2940
29838	24340
29328	4846
25064	122
27777	2842
28434	3502
27535	2600
28974	22500
28065	3132
25122	180
27532	2597
25268	327
26431	1496
27557	2622
28984	24040
25192	251
25305	364
28475	3543
28582	3650
30822	10095
28167	3234
25557	616
27493	2558
29347	8139
25453	512
29498	11878
30546	24606
25490	549
31071	18011
26972	2037
31306	6514
27193	2258
28378	3446
29127	19427
30359	23862
25449	508
26401	1466
27718	2783
28954	24028
26064	1129
26213	1278
29442	23688
29890	4908
26572	1637
27747	2812
26370	1435
29815	18916
30354	12595
31102	24806
25991	1056
30120	13233
31097	11446
26405	1470
26686	1751
27146	2211
26616	1681
28622	3690
30988	5320
28961	24031
27597	2662
30088	24445
29733	17992
29075	24070
28137	3204
26692	1757
25550	609
29435	8030
25622	682
26786	1851
25117	175
27647	2712
25639	699
29913	18046
28776	3845
28508	3576
29238	24131
27624	2689
27042	2107
30396	24546
26318	1383
25769	831
31076	15817
29644	4596
29033	23152
26426	1491
29495	21084
30857	24717
29405	24194
26282	1347
28118	3185
29991	24405
28361	3429
26335	1400
26235	1300
31129	12458
31201	24844
29125	8921
26811	1876
30617	24629
28601	3669
28555	3623
25515	574
29408	24197
28886	3955
31237	10475
25591	650
27678	2743
29381	24188
31326	21876
25327	386
30008	11374
30188	13533
30866	8705
29205	24119
29274	18761
28108	3175
26717	1782
26702	1767
24956	12
25724	786
26648	1713
30659	16793
31139	12566
26627	1692
29971	24395
28998	14810
25807	869
29540	23975
30677	20230
28473	3541
25180	238
30777	7631
25385	444
28025	3092
29944	9313
28753	3822
28209	3276
25390	449
27836	2901
28246	3314
28519	3587
27119	2184
28945	6626
27930	2995
27895	2960
28226	3294
28176	3243
27701	2766
28876	3945
28107	3174
29885	24357
26750	1815
30722	24659
28372	3440
30828	19234
28309	3377
25444	503
25415	474
28755	3824
25148	206
26454	1519
25514	573
28791	3860
25789	851
29171	21090
30407	24549
27621	2686
29518	6996
31241	24860
25479	538
27416	2481
29883	15134
26079	1144
31286	24873
26909	1974
31070	24794
29891	5265
28629	3697
29812	11883
26655	1720
26785	1850
25665	727
27506	2571
29306	24164
30447	24568
27301	2366
31082	24797
28979	21091
26505	1570
29819	13261
27691	2756
30981	23523
25315	374
29092	19600
31312	5008
27157	2222
26481	1546
28059	3126
27094	2159
25395	454
26553	1618
28495	3563
26834	1899
25443	502
25329	388
28672	3740
29302	12547
29629	4138
25249	308
31038	8171
30517	22007
29316	8420
25019	77
26848	1913
25616	675
28570	3638
26444	1509
25432	491
30320	13777
26860	1925
31308	24877
28136	3203
28678	3746
29457	9900
27284	2349
26117	1182
26604	1669
25363	422
31211	24848
25826	889
26456	1521
29716	24295
30208	19135
28393	3461
30202	14692
28030	3097
27790	2855
25628	688
30025	24416
30204	24478
28398	3466
26838	1903
25240	299
26248	1313
30775	20253
26157	1222
25293	352
27497	2562
31039	15436
25617	676
25452	511
27575	2640
25359	418
29998	24407
27427	2492
28973	10301
27844	2909
25488	547
25681	743
29065	24066
28492	3560
27227	2292
27904	2969
26621	1686
26445	1510
29693	24287
26967	2032
27858	2923
27774	2839
28257	3325
29803	24325
25850	913
26223	1288
31043	24784
25307	366
29409	24198
25851	914
28600	3668
26259	1324
27411	2476
29015	10861
28969	24036
25445	504
28072	3139
31072	24795
26346	1411
30891	24727
25585	644
30415	15865
25260	319
26388	1453
28283	3351
31004	24774
29267	24148
28202	3269
30746	14250
28421	3489
30284	13028
27820	2885
29964	24392
26561	1626
26413	1478
29755	16178
29820	24331
29307	19518
27907	2972
29516	24228
26986	2051
29610	24262
26910	1975
27180	2245
27855	2920
31399	23794
28677	3745
29198	5787
31401	10785
27663	2728
25902	966
29962	20812
30254	24493
30439	11963
25586	645
26006	1071
29611	23164
31093	9446
27670	2735
27818	2883
29180	24109
29791	24320
30512	24592
30235	17136
25946	1011
30093	19376
27106	2171
26579	1644
27725	2790
28657	3725
28607	3675
28330	3398
31351	24892
27449	2514
25211	270
25960	1025
28846	3915
25130	188
28530	3598
27828	2893
29094	24079
29667	8189
28654	3722
30255	14795
28908	3977
28575	3643
30948	14309
28109	3176
31174	10542
28022	3089
29358	24178
28026	3093
30244	18071
27504	2569
26564	1629
29337	17755
27712	2777
30644	24638
28250	3318
30349	24532
26994	2059
28208	3275
31239	24858
25549	608
25854	917
29161	24100
30003	8802
27036	2101
29494	24222
26689	1754
29400	4545
26494	1559
29481	10193
29962	16415
29104	12558
28902	3971
30642	18617
27976	3042
25470	529
25503	562
27421	2486
29777	21635
27920	2985
28859	3928
31337	21581
27109	2174
26010	1075
25921	985
26529	1594
27082	2147
29646	7347
30596	22673
28474	3542
31385	9016
25630	690
30352	24534
28067	3134
25688	750
28301	3369
27088	2153
27971	3037
26187	1252
31033	11855
25215	274
27745	2810
25885	949
28080	3147
30645	24639
29541	24235
28939	24938
26511	1576
25985	1050
26912	1977
29551	24240
29489	22536
30513	21810
25102	160
28047	3114
26436	1501
25455	514
26649	1714
30016	15502
28494	3562
25786	848
25142	200
29364	21862
27972	3038
29857	9808
27661	2726
30951	18279
29084	4308
29397	24192
26452	1517
30829	24705
27690	2755
26784	1849
26329	1394
27380	2445
26152	1217
28869	3938
25204	263
25061	119
30296	24511
30013	24413
25875	939
26922	1988
31188	20627
29029	23078
27768	2833
27379	2444
26668	1733
26745	1810
29470	19230
31381	24906
25411	470
29712	7407
25975	1040
26779	1844
25823	885
28505	3573
30994	24769
29051	10743
31376	24905
26425	1490
30561	24613
31290	18202
29117	18673
27576	2641
28265	3333
26204	1269
29053	5446
26640	1705
26816	1881
27344	2409
30145	24458
28805	3874
26306	1371
27653	2718
29091	24077
30625	20442
29741	21101
26722	1787
27246	2311
30792	24688
28639	3707
29535	5635
26265	1330
29136	23427
26322	1387
30259	13447
27878	2943
28086	3153
28214	3282
25884	948
29548	24238
27324	2389
26176	1241
26032	1097
26591	1656
31053	7405
30812	24696
27345	2410
26264	1329
27137	2202
28880	3949
29850	24346
25764	826
28728	3797
29066	24067
30305	10749
25110	168
25643	704
25589	648
25216	275
27017	2082
25338	397
30886	21641
26943	2008
25089	147
27238	2303
28395	3463
29048	24057
26534	1599
30463	6025
26568	1633
25841	904
28373	3441
31057	24788
26906	1971
31098	18518
25350	409
31292	19379
25737	799
27286	2351
31181	17552
26502	1567
29701	12699
29085	24072
30928	24744
25860	923
26336	1401
25108	166
28448	3516
26515	1580
25256	315
26139	1204
26884	1949
30326	24525
26310	1375
29603	24260
27615	2680
27607	2672
29983	23803
28019	3086
30384	17593
29904	15153
27654	2719
27259	2324
30169	19686
25829	892
30637	8665
27770	2835
25212	271
25567	626
26756	1821
26440	1505
29936	24382
26981	2046
26678	1743
27084	2149
26990	2055
25970	1035
28598	3666
28990	18850
25028	86
25172	230
28986	23054
30985	24766
27260	2325
26673	1738
30055	24429
26989	2054
29737	24301
29276	13574
27702	2767
26005	1070
30580	17829
26462	1527
27671	2736
25535	594
27434	2499
27813	2878
30269	12696
25099	157
25598	657
26755	1820
26642	1707
30192	16333
27219	2284
31148	5331
25645	706
25501	560
26856	1921
31091	14394
29305	24163
25756	818
25347	406
26465	1530
26153	1218
29990	24404
29688	15750
29656	13619
27350	2415
28195	3262
28865	3934
25188	247
30011	6968
30019	16778
30339	11172
25186	245
26646	1711
27366	2431
25938	1003
28567	3635
27439	2504
27233	2298
27009	2074
30071	21272
26067	1132
29579	24251
30563	10882
25974	1039
25811	873
27269	2334
26002	1067
28648	3716
30820	24700
31060	24790
26703	1768
30029	11265
26698	1763
25210	269
31178	14789
25819	881
25154	212
31158	5209
26315	1380
28239	3307
28651	3719
27919	2984
25316	375
27401	2466
25039	97
27591	2656
27751	2816
27545	2610
26939	2004
28066	3133
26544	1609
26765	1830
28429	3497
28522	3590
28350	3418
28660	3728
28162	3229
28166	3233
30961	18130
28408	3476
29563	16899
29666	22088
28963	24033
26279	1344
28829	3898
27489	2554
26757	1822
25703	765
25653	714
28574	3642
27594	2659
25627	687
25532	591
28528	3596
25729	791
29152	23434
26525	1590
27273	2338
25626	686
24992	50
27095	2160
26761	1826
27677	2742
28305	3373
26467	1532
27268	2333
26864	1929
25717	779
30468	24575
27264	2329
26527	1592
30394	19041
27764	2829
26098	1163
30692	23217
28903	3972
27410	2475
25552	611
25531	590
26278	1343
26093	1158
29702	13561
29164	5124
31180	12951
30268	21178
31417	24922
30286	5006
27821	2886
26026	1091
29070	24069
28342	3410
26500	1565
25226	285
27811	2876
26524	1589
26142	1207
25002	60
27874	2939
30141	13124
27665	2730
30741	24668
29920	13694
29853	21923
26997	2062
30460	10247
27129	2194
26150	1215
28938	24937
25073	131
26950	2015
27248	2313
27486	2551
25588	647
28165	3232
25698	760
27889	2954
25308	367
27834	2899
28842	3911
30681	7020
27738	2803
27727	2792
28992	5371
25731	793
27490	2555
27961	3026
25278	337
25021	79
28455	3523
27707	2772
25409	468
28835	3904
30449	5845
25942	1007
29978	24399
26836	1901
25364	423
26857	1922
28290	3358
27467	2532
25726	788
27360	2425
29986	24403
25326	385
26255	1320
26330	1395
30288	20044
28952	8719
25572	631
26138	1203
26050	1115
28844	3913
30575	6602
25803	865
28249	3317
28551	3619
29149	22954
26999	2064
30168	24463
31304	5353
30795	13459
26212	1277
28419	3487
29166	22803
31105	24808
27884	2949
28135	3202
25123	181
29253	24142
29736	5048
29278	24153
25834	897
27599	2664
27454	2519
30017	16191
27372	2437
25313	372
30122	13203
29686	4810
26301	1366
26119	1184
29370	9091
27134	2199
30041	19992
27639	2704
26595	1660
27797	2862
31165	20589
30376	8621
30327	4957
25890	954
25000	58
25407	466
30843	13899
28320	3388
26276	1341
30852	24713
26586	1651
31428	12208
31001	24772
30047	9507
30737	15044
28187	3254
27188	2253
25793	855
29959	24389
29159	24099
27498	2563
27430	2495
30592	17728
31129	18926
28608	3676
27133	2198
26191	1256
30336	24528
27358	2423
30597	11538
26030	1095
26156	1221
28005	3071
27709	2774
27977	3043
31154	24832
30657	23725
26240	1305
28106	3173
28991	17106
26590	1655
31327	24886
28887	3956
29664	15957
26540	1605
28461	3529
30699	24652
26687	1752
27215	2280
28856	3925
28546	3614
29601	24259
29604	24261
29954	6518
26297	1362
30004	16214
28671	3739
24991	49
30403	24547
26488	1553
30289	24507
31143	24827
29600	24258
29649	10502
26141	1206
28102	3169
25324	383
30391	24545
25138	196
28018	3085
28191	3258
29627	6086
25894	958
28758	3827
29476	16520
29875	24355
30835	16381
29587	4714
30026	10851
28892	3961
28478	3546
27684	2749
26025	1090
29562	16395
30938	24750
26808	1873
28015	3082
25720	782
28634	3702
30859	24718
27699	2764
26622	1687
28337	3405
28391	3459
30028	5877
30528	8072
25238	297
26475	1540
26192	1257
25339	398
29369	24184
30555	5534
30171	24464
27494	2559
24993	51
27593	2658
29026	24052
28547	3615
30077	24440
30261	18061
28940	24939
28328	3396
27492	2557
26487	1552
28077	3144
31056	17758
28541	3609
25998	1063
30351	24533
27249	2314
28806	3875
27476	2541
30306	24515
25498	557
25816	878
29654	24278
28381	3449
28472	3540
25754	816
26495	1560
25556	615
25587	646
27302	2367
30906	24735
25084	142
26917	1983
28403	3471
25892	956
30564	9712
29743	21203
27943	3008
30451	15625
27838	2903
27281	2346
28849	3918
31232	11917
29854	21456
30619	5940
29542	23669
26697	1762
25861	924
28071	3138
30911	24738
30265	5324
25543	602
25047	105
27205	2270
27445	2510
30864	5035
26983	2048
25716	778
30495	4052
28490	3558
28387	3455
30228	11415
27065	2130
27291	2356
27043	2108
28913	3982
27582	2647
28223	3291
26227	1292
26245	1310
28103	3170
27199	2264
29583	17176
30721	18966
29759	24310
31123	15585
28718	3787
30613	8188
24963	20
25920	984
29322	23868
28628	3696
30549	14419
25544	603
30231	10829
27016	2081
28621	3689
27228	2293
29935	24381
27842	2907
30547	24607
30984	23604
29765	24311
28793	3862
28812	3881
29554	23828
29619	24265
25796	858
28110	3177
30539	6844
27482	2547
29951	12287
25563	622
27897	2962
29387	12932
25558	617
31371	24902
26074	1139
26404	1469
26148	1213
29037	12020
30800	24690
26968	2033
29901	24362
29934	24380
25778	840
27541	2606
28319	3387
29919	20186
27485	2550
27151	2216
27161	2226
30264	9547
27102	2167
29041	20474
28289	3357
27783	2848
27755	2820
26734	1799
27472	2537
31016	24775
29479	17780
25784	846
29966	7894
31310	24879
28345	3413
30663	6390
27794	2859
25966	1031
26127	1192
28668	3736
31167	21924
28742	3811
26266	1331
30118	24452
25145	203
30490	24582
29744	24303
29828	23726
26317	1382
28188	3255
25546	605
30089	12661
27019	2084
27187	2252
29172	17354
28149	3216
26865	1930
29186	24113
27525	2590
29394	24191
27256	2321
27508	2573
25482	541
25355	414
28766	3835
26455	1520
30801	12455
27316	2381
29732	24300
26096	1161
27786	2851
31109	24812
27422	2487
31140	21412
28322	3390
26137	1202
26351	1416
28987	24041
30419	24554
28190	3257
25539	598
27283	2348
29340	5793
30295	24510
25458	517
28037	3104
28967	24035
28453	3521
28224	3292
26782	1847
27561	2626
30552	15231
27847	2912
27869	2934
30466	4076
30609	22425
30015	16033
26144	1209
26107	1172
27412	2477
28935	24934
29520	22229
30117	24451
30538	24603
27994	3060
25956	1021
27973	3039
27184	2249
25608	667
25817	879
29861	16839
29517	20050
28027	3094
26547	1612
30325	22947
28219	3287
30157	12217
30032	9339
29261	5058
31196	6404
31233	5266
26631	1696
30393	20753
27298	2363
26217	1282
30842	24709
28462	3530
25915	979
30098	15826
30138	23712
27933	2998
28565	3633
30179	24466
25067	125
29900	22945
31007	6369
29040	24056
31375	18615
30497	24583
27879	2944
26842	1907
26239	1304
29848	24345
27040	2105
29348	6857
28681	3749
29031	24053
25018	76
25576	635
25389	448
29999	24408
29569	16752
26873	1938
29953	15950
31162	15655
29101	4591
26398	1463
29580	23603
25601	660
27909	2974
28503	3571
27577	2642
30084	20923
29023	24051
30076	24439
26021	1086
30314	24520
30729	24663
30066	24437
26731	1796
26448	1513
30558	24612
27392	2457
30677	9085
28333	3401
30262	24496
29241	24133
28412	3480
26011	1076
26930	1996
27339	2404
26877	1942
27902	2967
30337	17320
30492	14651
29974	16216
25661	722
29115	9250
31125	13768
30450	17802
31088	24801
26215	1280
25594	653
27870	2935
24975	33
26292	1357
29577	14298
27716	2781
30660	14723
29181	13162
25646	707
28046	3113
30757	5975
30448	11129
29446	14505
25706	768
25203	262
30888	20279
26008	1073
27313	2378
25481	540
25473	532
30554	9372
28896	3965
28233	3301
26178	1243
25745	807
28602	3670
26295	1360
25732	794
28120	3187
26113	1178
28971	22392
28595	3663
28093	3160
26354	1419
29592	24255
26162	1227
29682	8618
29242	24134
28031	3098
30749	20689
25981	1046
27012	2077
29178	24108
31085	17772
30318	24522
29146	4178
30608	21975
30526	19380
29969	24394
31323	4399
31021	20360
28074	3141
30420	24555
25191	250
27956	3021
31111	24814
25730	792
26054	1119
25170	228
29713	24294
26535	1600
27167	2232
26019	1084
26927	1993
29210	24121
29501	10699
27096	2161
30010	24411
29676	15333
30146	22542
31335	24888
27910	2975
25254	313
29083	23937
26083	1148
26258	1323
30569	24615
27503	2568
29021	20281
28632	3700
25524	583
30137	23526
29643	5444
30096	24447
27125	2190
30317	24521
26774	1839
28039	3106
28216	3284
30665	24645
25352	411
26173	1238
26451	1516
25078	136
25958	1023
27080	2145
29150	24097
28693	3761
29109	24084
28476	3544
28464	3532
31126	24822
31051	24786
28947	8280
25749	811
25858	921
29623	24268
27173	2238
31316	22224
27177	2242
29454	24210
25954	1019
31431	17101
29572	7000
29362	24179
26355	1420
31202	6473
25062	120
27067	2132
29432	6094
25999	1064
28401	3469
25325	384
29917	24371
25739	801
30478	24578
27605	2670
25704	766
27814	2879
25753	815
30982	14345
26807	1872
31305	24876
28529	3597
30056	24430
25573	632
30696	21465
27641	2706
25952	1017
25657	718
27335	2400
27579	2644
28326	3394
28686	3754
29320	7023
29157	17914
25701	763
30955	5196
28649	3717
27863	2928
31104	18516
27658	2723
31244	12928
29626	24269
25509	568
28948	9421
31187	23289
26805	1870
27195	2260
31344	8324
28332	3400
29559	6715
26571	1636
30998	11608
29419	14858
26752	1817
29317	12542
28723	3792
27224	2289
30401	22912
27664	2729
26286	1351
28154	3221
30616	23009
30614	6861
26792	1857
25127	185
26526	1591
30674	23120
26964	2029
27562	2627
27288	2353
31367	18872
31347	13492
27711	2776
25200	259
25838	901
30489	24581
25171	229
27626	2691
27857	2922
29486	10804
30839	24707
29042	23154
29910	17034
26976	2041
31299	11339
31260	24865
30370	4727
25590	649
30933	24746
28646	3714
30720	16005
26218	1283
27255	2320
26039	1104
29291	15449
28460	3528
29353	6899
28970	9319
29285	24156
25874	938
29034	24054
28094	3161
28959	22135
29987	9778
27547	2612
26897	1962
31073	22225
29778	17690
26390	1455
26145	1210
26222	1287
27978	3044
25800	862
25489	548
25340	399
28502	3570
25075	133
28291	3359
26691	1756
28535	3603
28667	3735
27132	2197
26340	1405
31026	8882
28119	3186
28201	3268
26300	1365
30743	24670
31106	24809
30806	24693
25651	712
29227	7639
25066	124
30756	5422
31022	13645
27127	2192
25767	829
27859	2924
28117	3184
30542	6484
25666	728
27423	2488
29304	24162
29785	24318
26518	1583
26284	1349
26179	1244
25583	642
27334	2399
26492	1557
28734	3803
31421	7772
30178	21114
30223	4066
25041	99
27921	2986
30782	9124
26634	1699
27990	3056
27061	2126
26681	1746
31436	9797
28561	3629
30944	24755
27204	2269
27737	2802
26923	1989
28243	3311
30730	4875
30840	24708
26051	1116
26378	1443
30380	20688
28129	3196
25766	828
29293	13981
28777	3846
29994	23930
29243	24135
30707	24655
25917	981
31113	24816
31023	24779
27229	2294
27276	2341
28497	3565
27798	2863
27290	2355
30131	24454
30683	15946
29200	8427
25818	880
25909	973
27057	2122
25624	684
28402	3470
24987	45
26374	1439
30789	24687
26715	1780
27179	2244
28269	3337
27950	3015
25965	1030
29309	24165
25806	868
27330	2395
28348	3416
25605	664
29528	24233
31321	13914
24953	9
25771	833
25088	146
29710	24293
27779	2844
29887	4237
31253	24862
29017	24049
27866	2931
26089	1154
31194	24840
27001	2066
29230	17937
30152	6354
26461	1526
29106	12886
28964	23288
28008	3074
30548	14432
31191	7190
29824	14974
28674	3742
26530	1595
29694	16685
29445	9607
30882	6675
28610	3678
25220	279
28972	24037
28771	3840
25112	170
29175	22312
26519	1584
28504	3572
28838	3907
28714	3783
27075	2140
27578	2643
25139	197
26203	1268
25360	419
29133	24092
28727	3796
26824	1889
29401	13109
28999	21520
30083	24442
28807	3876
27484	2549
30673	14021
28853	3922
29135	24094
27830	2895
27914	2979
30330	24527
29921	24373
26414	1479
30594	24623
29148	8993
30072	12419
30277	24501
30425	24557
27374	2439
29331	8356
29478	9855
28933	24932
30703	20320
28914	3983
30872	23129
26659	1724
30532	14219
26077	1142
25650	711
29406	24195
31356	24894
25207	266
26942	2007
31092	24803
25126	184
26602	1667
28463	3531
28824	3893
30257	24495
25055	113
29067	23109
30770	20337
27000	2065
31396	24913
25429	488
27263	2328
28197	3264
28691	3759
30443	24565
26136	1201
26781	1846
27200	2265
30511	24591
26892	1957
28568	3636
30360	24536
25345	404
26302	1367
28981	24039
25496	555
27406	2471
28890	3959
25570	629
26449	1514
28498	3566
25912	976
27035	2100
30931	21396
25748	810
27602	2667
31389	19394
28487	3555
30313	5539
29130	13341
28942	24941
31284	24872
25649	710
28757	3826
31242	11461
25910	974
29751	14243
31116	24817
28406	3474
30675	24647
29375	13037
30878	19784
27297	2362
26517	1582
26849	1914
31378	22154
25320	379
28292	3360
29886	5915
28609	3677
27688	2753
26232	1297
26185	1250
31247	18082
28317	3385
29814	18555
27655	2720
30418	20488
29800	17651
27894	2959
29003	16387
27451	2516
25402	461
28577	3645
30229	11930
26129	1194
29251	24140
30431	14754
29597	24256
25208	267
25195	254
25265	324
27024	2089
25901	965
30294	18084
25417	476
27231	2296
29747	24306
30863	24719
29373	24186
25071	129
30099	12941
26902	1967
30018	24414
26871	1936
26303	1368
30697	15339
28848	3917
26726	1791
25317	376
26596	1661
30290	11630
25795	857
30918	17167
27692	2757
29555	24243
29350	4187
24947	3
27456	2521
30632	24634
30307	24516
27087	2152
30578	16728
29301	24161
31426	19449
29343	11256
27635	2700
27257	2322
29797	24323
25132	190
29170	24105
30816	24699
30012	24412
27385	2450
29082	24071
28444	3512
25121	179
25853	916
28344	3412
29817	15424
25792	854
26434	1499
28951	10328
30078	9269
26435	1500
31217	8508
28782	3851
29165	24102
25151	209
26078	1143
26746	1811
24955	11
25136	194
28571	3639
30299	13577
27128	2193
28431	3499
30667	13361
27123	2188
29931	24377
30930	21274
25104	162
29613	19935
28083	3150
29588	24253
25290	349
27825	2890
30504	17389
27381	2446
29472	23508
29385	24189
26667	1732
25285	344
28424	3492
31205	24845
31388	5632
26071	1136
27108	2173
27277	2342
26720	1785
27739	2804
26859	1924
25614	673
26463	1528
27162	2227
28033	3100
26705	1770
27322	2387
25323	382
30206	20028
28198	3265
25311	370
25976	1041
27192	2257
30753	7105
30709	15580
31107	24810
25106	164
26521	1586
28276	3344
31163	12560
28366	3434
25889	953
28566	3634
26238	1303
29421	24202
29918	22592
30082	14225
30246	12424
28101	3168
28050	3117
27521	2586
27841	2906
26532	1597
30830	12573
28151	3218
30481	6701
29795	17539
29451	23433
28206	3273
30778	24683
28258	3326
25331	390
26331	1396
27234	2299
31243	5775
26427	1492
26676	1741
30964	10384
25294	353
29298	19848
29945	22438
30996	23475
28630	3698
27159	2224
29764	6897
29590	23517
25751	813
29514	21707
25760	822
30684	15241
26069	1134
26609	1674
31238	9552
28533	3601
25056	114
26573	1638
30935	24748
26082	1147
26879	1944
25133	191
30350	8764
27637	2702
30434	7482
30073	22061
29425	24203
25506	565
28199	3266
26577	1642
29256	24144
29711	23538
27906	2971
26549	1614
26509	1574
30483	24579
29837	24339
26931	1997
29365	22419
27438	2503
27983	3049
29028	9128
28376	3444
30731	17144
28797	3866
30957	24759
25931	996
28578	3646
27382	2447
27471	2536
27076	2141
25448	507
25199	258
26819	1884
31044	11283
30936	24749
29055	24060
30693	8538
28968	17546
30945	6872
26262	1327
28676	3744
28784	3853
27936	3001
28841	3910
30943	24754
27475	2540
25242	301
30060	24431
26114	1179
25741	803
26046	1111
25434	493
25581	640
28613	3681
30335	20108
26380	1445
24945	1
30185	24468
27948	3013
28688	3756
28501	3569
26582	1647
30486	16629
30377	7539
30445	8470
27740	2805
26763	1828
30908	24736
29485	24219
27363	2428
30002	24409
30245	24488
27796	2861
27899	2964
25820	882
26605	1670
31273	24870
25277	336
25167	225
29515	8805
30181	14101
30989	24767
28168	3235
26389	1454
30579	13838
28447	3515
30487	24580
29585	24252
28701	3769
26891	1956
29001	12549
27447	2512
31234	5860
30508	23338
25821	883
27883	2948
30892	24728
27391	2456
30536	24602
28912	3981
28669	3737
28313	3381
25008	66
27062	2127
31078	22806
28762	3831
29324	11140
31152	24831
25687	749
25574	633
29628	18838
27657	2722
26503	1568
30308	9031
27954	3019
27072	2137
26172	1237
28779	3848
28255	3323
27887	2952
31089	24802
25696	758
30070	19813
30838	11012
31200	23267
30949	24756
25430	489
28855	3924
26068	1133
27408	2473
28324	3392
28936	24935
25553	612
29462	20578
25354	413
30174	9704
25273	332
28861	3930
28558	3626
25825	888
27934	2999
29268	24149
25504	563
25898	962
26804	1869
31336	10798
30233	4074
30781	24686
25367	426
28923	3992
26580	1645
29868	9614
26822	1887
26982	2047
31041	18733
29020	24050
29640	5381
28543	3611
25342	401
26588	1653
26683	1748
27840	2905
28396	3464
25146	204
28579	3647
26753	1818
25922	986
25025	83
28010	3076
29648	24275
26915	1980
25196	255
29007	23735
28698	3766
29310	11723
26186	1251
26913	1978
29734	15214
29752	20719
29677	24283
25877	941
29587	7952
26280	1345
25153	211
25111	169
26693	1758
26402	1467
25523	582
28399	3467
29403	9866
28032	3099
26056	1121
26368	1433
31214	17734
25059	117
29596	10709
25562	621
27148	2213
29645	24274
29336	10898
28307	3375
25845	908
28163	3230
28509	3577
27890	2955
26893	1958
26460	1525
30595	24624
25555	614
28407	3475
29391	12680
25678	740
30952	24758
28256	3324
31170	10980
25035	93
31372	11476
25337	396
29527	24232
26261	1326
31386	8349
25610	669
29269	14468
29852	24347
27091	2156
31037	24783
29376	24187
28670	3738
27241	2306
25391	450
25948	1013
25140	198
31320	6385
28084	3151
28800	3869
25155	213
28260	3328
25201	260
25287	346
30735	6232
28580	3648
25373	432
26087	1152
25107	165
27590	2655
25933	998
28295	3363
25670	732
29436	24207
31411	24918
28743	3812
26843	1908
28113	3180
29794	24321
31410	14782
31161	24833
28173	3240
31216	24850
28131	3198
29858	5141
30472	13090
28746	3815
27442	2507
29120	24086
31256	14268
29410	24199
28769	3838
28616	3684
29860	24350
29773	20193
25372	431
27536	2601
28355	3423
26349	1414
28213	3280
31303	20982
28814	3883
28977	6022
26486	1551
29086	24073
25160	218
28458	3526
27047	2112
28144	3211
25387	446
27586	2651
27871	2936
27100	2165
28731	3800
25189	248
25768	830
31127	22182
26480	1545
27331	2396
30395	23157
28270	3338
29576	14061
26803	1868
29836	15733
28433	3501
29341	24173
25497	556
29237	18378
31050	18660
27645	2710
25281	340
26501	1566
26489	1554
29393	4472
29250	24139
27308	2373
28182	3249
26783	1848
29779	15420
31349	24891
30752	14784
27554	2619
26539	1604
26197	1262
26393	1458
28684	3752
27353	2418
28736	3805
31288	16592
26899	1964
24985	43
27531	2596
25652	713
30540	24604
26470	1535
30870	4800
30691	24650
29211	24122
27633	2698
28420	3488
30990	20483
28592	3660
26875	1940
28550	3618
30165	13797
30183	13260
27941	3006
29581	15739
27413	2478
27323	2388
29565	10683
29639	9177
28312	3380
26155	1220
31198	24842
28175	3242
30119	19452
29142	16912
27929	2994
27515	2580
30750	12665
30485	7309
30416	8915
28711	3780
25027	85
29339	5295
25129	187
31275	9141
26496	1561
30129	6543
30332	9564
28560	3628
27480	2545
25398	457
26433	1498
31425	24925
26878	1943
28790	3859
29319	24168
26911	1976
31281	14739
27362	2427
26383	1448
31150	16830
25420	479
27079	2144
28169	3236
29213	24123
30248	24489
25301	360
27481	2546
30924	24743
30149	5885
25074	132
27342	2407
26980	2045
25400	459
28722	3791
27026	2091
31035	15943
27915	2980
28097	3164
29024	4869
25377	436
30304	23266
25623	683
25149	207
25638	698
29032	16813
27294	2359
29522	24230
27917	2982
28457	3525
31066	24792
25296	355
25856	919
25081	139
26214	1279
29807	12324
28371	3439
25859	922
25886	950
27293	2358
25403	462
28112	3179
30452	13348
28297	3365
30836	18357
29232	6181
25822	884
27944	3009
31190	15512
28088	3155
29866	24351
29245	19046
29477	24216
25344	403
29992	20820
29492	21284
29265	23535
29696	7659
25621	681
29018	12154
30966	20894
25103	161
30958	24760
29456	22185
26988	2053
30109	14026
29202	24118
25048	106
24998	56
28104	3171
31418	20853
27122	2187
25560	619
30474	7986
25863	926
30435	24560
29061	4230
28710	3779
29923	8265
28562	3630
26205	1270
29271	24151
31265	24866
27809	2874
29119	21751
25250	309
30398	19757
24958	14
28244	3312
24946	2
25929	993
25225	284
28589	3657
29683	9672
25738	800
30133	13934
30987	15613
25980	1045
28763	3832
25505	564
30374	8462
29835	24338
25185	244
27208	2273
30362	5856
27477	2542
27998	3064
31141	24826
26333	1398
28438	3506
29705	17679
29726	24298
30080	21822
28180	3247
28638	3706
25348	407
25357	416
29279	24154
27642	2707
28069	3136
25173	231
27170	2235
28178	3245
29668	12467
27053	2118
30234	9761
28259	3327
27585	2650
29002	18930
27321	2386
25206	265
29355	24177
25438	497
27646	2711
27742	2807
30230	14966
29395	17118
25919	983
25694	756
29697	24288
28652	3720
25561	620
27546	2611
29116	8141
28302	3370
26348	1413
25334	393
27478	2543
25461	520
26924	1990
26636	1701
31185	16199
28282	3350
26959	2024
30085	24443
30940	24752
28695	3763
26251	1316
28000	3066
26291	1356
31408	17550
29925	22013
26559	1624
27595	2660
27425	2490
28897	3966
31333	10663
30713	8879
29081	5686
25164	222
31047	7650
30769	24678
25248	307
25538	597
30095	21102
28857	3926
30551	24609
30021	24415
26798	1863
28085	3152
31005	7092
25356	415
28993	6879
29833	20235
25833	896
27444	2509
26587	1652
30043	24424
29593	20676
27114	2179
27252	2317
26977	2042
26729	1794
26555	1620
30970	12431
25862	925
30140	16285
29248	14215
25381	440
27346	2411
28115	3182
26844	1909
31010	5202
27247	2312
28091	3158
25141	199
31311	24880
31177	22104
31330	24887
27695	2760
29698	6965
31025	22759
28788	3857
26035	1100
27518	2583
25361	420
26674	1739
29818	9098
27279	2344
28285	3353
27402	2467
30113	11497
26091	1156
26933	24929
27469	2534
27487	2552
27115	2180
28820	3889
28079	3146
30796	9350
26000	1065
27538	2603
26908	1973
26086	1151
29022	18625
29662	24280
25276	335
25945	1010
30726	22903
25949	1014
26324	1389
26208	1273
29750	16658
27156	2221
26230	1295
26184	1249
29695	10991
27581	2646
25777	839
31293	23082
29878	5643
25705	767
27285	2350
30662	24643
26273	1338
29329	8595
27166	2231
26708	1773
29560	24247
25494	553
25647	708
30711	19308
28159	3226
27214	2279
27951	3016
29427	13256
28599	3667
26347	1412
26482	1547
26325	1390
29756	24309
27332	2397
29313	24166
28823	3892
28866	3935
25426	485
26635	1700
28062	3129
27724	2789
27959	3024
25011	69
29937	24383
26706	1771
28867	3936
26003	1068
30808	16602
27771	2836
31075	24796
26548	1613
28484	3552
29687	13897
29473	12037
29575	24249
28956	24030
27833	2898
25794	856
27419	2484
28559	3627
29825	24334
29414	6463
29158	13774
29173	24106
25321	380
26998	2063
29692	7346
28193	3260
28612	3680
25197	256
26409	1474
28266	3334
29941	23026
26789	1854
28792	3861
31319	15194
29346	24176
30671	6913
28358	3426
27440	2505
30874	12151
28273	3341
31368	24899
26679	1744
30274	13955
26760	1825
27598	2663
29834	4748
30160	19438
29678	18882
27113	2178
31130	11580
25935	1000
27924	2989
29433	24206
26563	1628
29566	22534
29557	24245
27426	2491
27928	2993
25463	522
25413	472
26900	1965
30381	24541
30636	24635
29614	19796
26369	1434
30893	24729
26120	1185
27261	2326
29574	8688
27453	2518
27069	2134
30293	23367
24964	21
30810	15763
27900	2965
25119	177
30890	9738
25401	460
29769	19627
27023	2088
27110	2175
27981	3047
30186	24469
25511	570
31322	24884
29988	7877
26188	1253
29349	19019
30587	24621
29663	19399
26428	1493
27418	2483
30537	7566
27848	2913
29938	6448
27969	3035
26743	1808
30426	13633
26626	1691
26733	1798
28597	3665
27272	2337
25382	441
27697	2762
27979	3045
28275	3343
28351	3419
29059	15390
31407	15393
26799	1864
27278	2343
28702	3770
28513	3581
27003	2068
26662	1727
26919	1985
30324	7096
28985	5408
30329	16105
30529	24597
29591	19240
29008	17347
29195	12310
26974	2039
30321	24523
30823	16792
25896	960
26677	1742
26767	1832
27793	2858
26274	1339
26560	1625
29641	24272
30406	24548
27092	2157
28832	3901
29097	24081
26105	1170
30177	18173
28774	3843
30291	24508
26024	1089
25710	772
30848	4090
30355	12707
25513	572
27669	2734
30646	7385
25916	980
31045	24785
30705	24654
30139	24456
26132	1197
26566	1631
28146	3213
25725	787
30521	22270
25299	358
25906	970
29475	5588
30647	22747
26613	1678
26135	1200
29035	18038
27138	2203
25644	705
30051	6096
29453	24209
25076	134
26744	1809
28390	3458
30968	22069
28816	3885
28374	3442
25253	312
29958	11311
29906	20740
30627	7252
31040	22707
26432	1497
30676	10083
30831	8256
29311	7900
26718	1783
31406	24917
25950	1015
30701	22266
29342	7397
31019	21457
30303	10021
29767	16376
26920	1986
25846	909
27962	3027
29547	24237
25421	480
25925	989
30112	23690
30388	23368
27687	2752
24970	27
26070	1135
28884	3953
28713	3782
25844	907
28158	3225
27398	2463
28937	24936
28643	3711
24959	16
28445	3513
28304	3372
29143	4629
29187	13277
27287	2352
27850	2915
31259	15992
26023	1088
25446	505
29863	4042
28875	3944
29252	24141
25465	524
25054	112
27404	2469
27672	2737
28517	3585
30227	8877
28318	3386
25655	716
30967	24763
26771	1836
28288	3356
26040	1105
30607	24627
27963	3028
28996	24044
29014	24048
29892	4734
25116	174
27171	2236
31353	16198
26423	1488
26550	1615
26641	1706
28354	3422
31137	24825
30020	8217
27073	2138
25397	456
28821	3890
27103	2168
28539	3607
28946	10186
27424	2489
28057	3124
25715	777
28809	3878
28013	3079
26695	1760
27351	2416
30143	23842
27068	2133
29926	24375
30975	11233
26608	1673
30436	24561
31419	10028
29209	15770
27130	2195
24972	29
31360	24895
26118	1183
25279	338
31164	18465
26477	1542
29503	23747
29444	11254
31052	24787
29415	17677
30170	7850
24971	28
25175	233
30417	5548
28877	3946
25125	183
25592	651
25747	809
29811	17848
29282	24155
27409	2474
28411	3479
26474	1539
29280	14167
26256	1321
26270	1335
30633	17149
28715	3784
25259	318
30205	23867
26165	1230
30156	24461
29502	24225
28871	3940
29292	24159
28267	3335
26537	1602
31287	24874
31028	21188
30565	19098
25080	138
27968	3033
26987	2052
28098	3165
30926	23869
29192	13827
26940	2005
30971	24764
31307	21167
30039	4701
26441	1506
27483	2548
27744	2809
29068	24068
29327	18895
30686	15183
29615	21369
31074	4599
25924	988
26533	1598
30719	12092
29874	10946
25755	817
27781	2846
25312	371
26882	1947
29932	24378
30668	4143
30049	24427
25510	569
25519	578
28506	3574
25029	87
30934	24747
29789	4868
26823	1888
29177	24107
27149	2214
27574	2639
28466	3534
29525	24231
29943	22094
28264	3332
29294	12143
25205	264
27769	2834
29922	24374
30470	23149
26447	1512
31121	4194
31314	11463
25930	994
25662	723
26696	1761
27461	2526
27274	2339
29608	6047
30108	4063
28682	3750
28240	3308
29961	24391
29790	4973
31295	24875
25475	534
31318	24883
26907	1972
30727	18250
29894	12751
25967	1032
26829	1894
31302	4425
29420	11513
29071	18044
29972	24396
27566	2631
25263	322
26314	1379
29671	24281
25659	720
26607	1672
31067	6795
28633	3701
25286	345
25218	277
24966	23
29620	24266
27714	2779
26110	1175
30126	16261
28544	3612
27679	2744
29844	9742
28220	3288
25222	281
25309	368
30923	24742
28617	3685
25849	912
25469	528
28177	3244
29188	24114
27732	2797
29208	13893
27746	2811
29967	19955
25217	276
26794	1859
30687	21882
27634	2699
26102	1167
29632	4496
30598	24625
28833	3902
30148	24460
29841	21996
30501	24584
30664	24644
28898	3967
30585	24619
26966	2031
30610	20628
30059	22048
28594	3662
29788	24319
29806	13821
27922	2987
28123	3190
29338	21673
28485	3553
30620	24631
26115	1180
25779	841
31258	24864
30604	24626
26038	1103
29513	24227
28604	3672
26651	1716
25913	977
27105	2170
31429	17898
28641	3709
25893	957
30654	16357
29469	24215
28425	3493
27676	2741
29404	15484
28760	3829
29392	20673
25969	1034
28523	3591
25380	439
26592	1657
25996	1061
29530	20811
28997	24045
28300	3368
26381	1446
27662	2727
30081	24441
25883	947
29118	11992
31086	17630
25184	243
28524	3592
25288	347
31136	19667
27300	2365
28493	3561
26154	1219
29471	23804
31095	24804
28055	3122
27721	2786
25700	762
29589	24254
26852	1917
27555	2620
25721	783
30189	24470
27121	2186
27784	2849
27022	2087
25801	863
28426	3494
27499	2564
29325	24170
25675	737
27891	2956
30615	22552
25904	968
29949	17732
28514	3582
26737	1802
28918	3987
26601	1666
30115	12068
29689	24285
26407	1472
29332	8299
29976	15202
28975	4141
25994	1059
27743	2808
27250	2315
27625	2690
30947	23482
29839	24341
25237	296
29000	24046
30502	24585
30867	10335
29107	20260
26422	1487
26229	1294
25274	333
26430	1495
28315	3383
28564	3632
30195	24473
27572	2637
26009	1074
29827	16386
30802	24691
25297	356
25722	784
27800	2865
26863	1928
25392	451
30273	13718
27340	2405
31036	11051
26565	1630
26338	1403
30783	6663
30232	24486
24950	6
25776	838
25516	575
25603	662
29532	20686
29263	21916
26975	2040
27479	2544
27050	2115
30471	20885
28943	24942
30375	24540
26682	1747
26876	1941
27457	2522
29805	24327
29438	7799
28334	3402
