24947	0	29693
24947	0	30868
24947	0	30517
24947	0	29445
24947	0	29606
24947	1	30868
24947	2	29787
24949	0	29046
24949	0	30638
24949	1	29144
24949	1	30881
24949	2	29517
24954	0	31199
24954	0	31018
24954	0	30868
24954	0	29032
24954	0	31058
24954	0	31300
24954	1	30946
24954	1	30954
24954	1	30173
24954	1	29443
24954	1	29343
24954	2	29982
24954	2	29509
24954	2	29342
24954	2	30545
24954	3	29628
24954	5	29381
24954	5	31427
24954	4	30486
24954	4	30715
24954	4	29029
24954	4	30219
24956	0	31117
24956	0	30868
24956	0	30001
24956	0	29810
24956	0	29810
24956	1	30890
24956	1	31188
24956	1	28993
24956	2	29533
24956	5	30156
24956	5	30254
24956	4	29420
24959	0	30517
24961	0	30517
24964	0	30517
24971	0	30517
24975	0	31429
24975	0	30868
24975	0	29445
24975	0	30539
24975	0	30539
24975	1	29507
24975	1	30763
24975	2	30817
24975	2	30125
24975	2	29858
24975	5	31209
24975	4	30613
24984	0	30517
24986	0	30517
24988	0	30517
24989	0	30517
24990	0	30517
24991	0	30517
24992	0	30517
24994	0	30517
24999	0	30517
25000	0	30517
25007	0	29313
25007	0	30868
25007	0	30517
25007	0	30999
25007	1	30968
25007	3	30460
25007	4	29347
25011	0	30868
25012	0	30517
25013	0	30517
25016	0	30517
25020	0	30148
25020	1	29219
25020	1	30890
25027	0	30517
25027	1	30428
25029	0	30517
25030	0	30517
25032	0	30517
25034	0	30517
25037	0	30517
25039	0	30517
25043	0	30517
25046	0	30517
25047	0	30517
25048	0	30517
25049	0	30517
25051	0	30517
25051	0	30517
25052	0	30517
25055	0	30517
25059	0	30517
25060	0	30517
25066	0	30517
25067	0	30517
25068	0	30517
25069	0	30517
25070	0	30517
25072	0	30517
25074	0	30517
25075	0	30517
25076	0	31287
25076	0	30517
25076	1	29273
25076	4	29033
25078	0	30517
25079	0	30517
25081	0	30517
25085	1	30009
25085	5	30950
25095	0	30517
25097	0	30517
25098	0	30517
25101	1	30191
25101	5	29745
25101	5	30330
25101	5	30669
25108	0	30517
25115	0	30496
25115	0	29689
25115	0	30345
25115	0	30868
25115	0	29232
25115	0	31211
25115	0	31160
25115	0	29413
25115	1	31347
25115	2	30392
25115	3	29628
25115	3	29667
25115	4	29033
25117	0	29690
25117	0	30361
25117	0	30054
25117	0	30729
25117	0	29042
25117	0	30868
25117	0	30367
25117	0	29723
25117	0	30055
25117	1	31329
25117	1	31127
25117	2	31434
25117	2	29166
25117	3	31080
25117	5	29362
25117	4	30377
25118	0	31106
25118	0	31208
25118	0	30868
25118	0	30170
25118	0	29870
25118	0	29870
25118	1	29090
25118	1	30749
25118	2	29824
25118	2	30643
25118	3	29861
25118	5	30815
25118	4	29641
25118	4	30674
25119	0	29403
25119	0	30517
25119	0	29674
25119	0	29216
25119	1	29766
25119	1	30628
25119	2	30230
25119	3	29894
25119	5	29381
25119	4	29741
25119	4	30020
25119	4	30962
25120	0	31290
25120	0	30868
25120	0	30102
25120	1	29635
25120	2	29431
25120	2	29644
25120	3	30395
25120	5	30083
25120	5	30280
25120	4	30674
25121	0	30225
25121	0	30868
25121	0	30868
25121	0	29445
25121	0	30850
25121	0	30850
25121	1	30948
25121	2	29229
25121	2	31215
25121	3	29540
25121	5	29381
25126	0	30517
25127	0	30517
25128	0	30517
25131	0	30517
25132	0	29835
25132	1	29920
25132	1	30599
25132	5	30834
25132	4	30980
25133	0	30517
25135	0	30517
25137	0	30563
25137	0	31395
25137	0	29951
25137	0	30517
25137	0	31050
25137	0	31378
25137	1	31005
25137	1	29233
25137	1	31378
25137	1	29375
25137	2	30392
25137	3	30052
25137	3	31008
25137	5	29381
25137	5	31383
25137	4	29554
25137	4	29542
25140	0	30517
25144	0	30517
25145	0	29325
25145	0	30517
25145	1	29611
25145	1	31138
25145	1	30808
25145	2	30392
25145	2	30441
25145	3	30541
25148	0	30517
25156	0	30517
25161	0	30517
25162	0	30517
25163	0	29198
25163	0	29788
25163	0	30084
25163	0	30088
25163	0	30868
25163	0	31225
25163	0	29350
25163	0	29392
25163	1	29771
25163	1	29052
25163	2	29284
25163	2	31149
25163	2	29882
25163	2	30719
25163	5	29381
25163	4	30155
25163	4	30800
25163	4	29107
25168	0	29889
25168	0	30517
25168	0	30110
25168	1	30175
25168	1	29498
25168	1	31158
25168	3	29457
25168	5	30547
25168	4	31123
25175	0	29753
25175	0	29511
25175	0	30517
25175	0	30090
25175	1	29928
25175	1	31278
25175	1	30127
25175	1	29900
25175	5	29014
25175	4	29317
25175	4	30593
25178	0	30517
25178	1	30130
25178	5	29648
25180	0	30517
25181	0	29623
25181	0	30868
25181	0	30868
25181	0	29492
25181	1	31294
25181	1	29993
25181	2	31081
25181	2	30327
25181	3	29230
25181	3	31122
25181	5	29381
25181	5	30617
25181	5	30062
25182	1	31248
25182	1	29275
25182	1	29296
25182	2	30795
25182	2	29074
25182	3	28978
25182	3	31006
25182	3	31000
25182	5	30939
25182	5	30741
25182	4	28953
25183	0	30308
25183	0	29838
25183	0	31129
25183	0	30517
25183	0	30319
25183	1	31248
25183	1	29275
25183	1	29296
25183	2	30795
25183	2	29074
25183	3	28978
25183	3	31006
25183	3	31000
25183	5	30939
25183	5	30741
25183	4	28953
25184	0	30705
25184	0	30868
25184	0	30011
25184	0	30868
25184	0	29445
25184	0	30073
25184	1	29587
25184	2	30869
25184	3	31022
25184	5	30190
25184	5	31404
25184	5	30949
25184	4	30674
25187	0	30517
25187	1	31346
25187	3	30545
25188	0	30517
25189	0	30517
25193	1	30573
25193	1	29978
25193	5	30943
25193	5	30300
25193	5	29483
25193	5	31057
25193	5	29056
25193	5	30180
25193	5	30124
25193	4	30905
25198	0	29043
25198	1	29216
25198	5	29885
25198	5	31273
25198	4	30936
25198	4	31306
25198	4	30681
25198	4	31068
25199	0	30868
25200	0	29662
25200	0	31018
25200	0	31210
25200	0	29836
25200	0	29430
25200	1	29771
25200	1	29955
25200	2	29983
25200	2	31044
25200	3	30872
25200	5	29381
25200	4	30143
25200	4	29359
25201	0	31413
25201	0	30868
25201	0	30868
25201	0	30367
25201	1	30868
25201	1	29587
25201	2	29331
25201	4	30674
25202	0	30868
25202	0	30517
25202	1	29008
25202	2	30392
25202	3	29628
25202	5	29381
25202	4	29001
25202	4	30674
25203	0	29566
25203	0	29689
25203	0	30868
25203	0	29445
25203	0	28983
25203	0	28983
25203	1	30890
25203	2	29751
25203	2	30712
25203	2	31067
25203	2	29071
25203	3	29691
25203	3	29404
25203	3	31401
25203	4	29542
25204	0	29282
25204	0	30868
25204	0	30868
25204	0	30731
25204	1	30449
25204	1	30890
25204	2	29411
25204	2	30764
25204	3	30622
25204	5	29477
25205	0	30517
25211	0	30517
25213	0	30868
25213	1	31231
25213	1	30493
25213	2	30982
25213	2	29930
25213	5	30699
25213	4	30744
25215	1	30068
25215	5	29381
25217	0	30517
25218	0	30517
25220	0	31251
25220	0	29687
25220	0	29726
25220	0	29633
25220	0	29561
25220	0	30868
25220	0	30114
25220	0	29245
25220	0	31301
25220	1	29771
25220	1	30615
25220	1	29750
25220	1	29297
25220	2	30392
25220	2	29707
25220	3	29800
25220	5	29381
25220	5	29781
25220	4	29999
25221	0	30039
25221	0	31071
25221	0	30010
25221	0	30868
25221	0	30388
25221	0	29245
25221	0	29302
25221	1	29321
25221	2	30392
25221	3	30541
25224	0	31023
25224	0	30868
25224	0	30868
25224	0	30405
25224	0	31238
25224	0	29941
25224	1	30494
25224	1	30121
25224	2	29439
25224	3	30117
25224	5	31116
25224	4	28959
25224	4	29971
25224	4	29033
25224	4	30830
25228	1	30507
25229	0	30331
25229	0	30732
25229	0	30517
25229	0	30362
25229	0	30439
25229	0	30075
25229	1	29111
25229	1	31354
25229	2	30548
25229	2	31230
25229	3	30981
25229	5	31069
25229	5	30254
25229	5	29381
25229	4	31202
25229	4	29241
25229	4	29456
25234	0	29405
25234	0	30517
25236	0	30517
25237	0	29647
25237	0	29647
25237	0	30996
25237	0	29186
25237	0	31249
25237	0	31208
25237	0	30868
25237	0	29235
25237	1	29771
25237	2	30392
25237	2	30860
25237	3	30541
25238	1	30989
25238	1	30256
25238	1	29785
25238	3	30985
25238	5	29381
25238	5	29536
25238	5	29850
25238	5	30811
25238	5	29163
25238	5	30594
25238	4	29991
25239	0	29083
25239	0	30517
25239	0	29295
25239	0	29596
25239	1	30234
25239	1	29763
25239	2	30392
25239	5	29381
25239	5	29744
25239	5	31310
25239	4	30486
25239	4	30909
25240	0	30805
25240	0	29564
25240	0	29791
25240	0	30517
25240	0	31379
25240	0	30032
25240	1	30713
25240	1	29506
25240	1	29263
25240	1	30426
25240	2	30960
25240	5	29381
25240	4	29877
25240	4	30791
25240	4	30629
25240	4	30600
25241	1	29018
25241	4	29811
25245	0	30517
25247	0	30868
25247	1	30168
25247	1	31017
25247	2	29797
25247	2	29369
25247	3	31080
25247	3	29628
25248	0	30868
25248	0	30517
25248	1	30267
25248	1	29094
25248	1	29458
25248	2	29135
25248	2	29657
25248	3	31006
25248	5	30249
25249	1	30015
25249	1	31129
25249	1	29019
25249	4	30785
25250	0	30517
25251	0	29945
25251	0	29410
25251	0	29918
25251	0	30517
25251	0	29043
25251	1	29881
25251	1	30514
25251	1	30163
25251	2	30392
25251	3	30276
25251	3	29789
25251	4	30674
25251	4	29767
25251	4	29875
25251	4	31256
25252	0	30868
25252	0	30868
25253	0	30566
25253	0	30468
25253	0	30355
25253	0	30088
25253	0	30100
25253	0	30517
25253	0	31210
25253	0	30165
25253	0	29786
25253	1	29771
25253	2	31153
25253	3	29632
25253	5	29381
25253	5	30505
25253	4	29174
25261	0	30517
25263	0	30482
25263	0	31152
25263	0	30517
25263	0	30672
25263	1	29264
25263	1	29016
25263	1	31013
25263	2	29145
25263	2	31323
25263	3	31193
25263	3	29005
25263	3	31080
25263	5	30455
25263	4	30674
25265	0	30517
25266	0	30868
25266	0	30868
25268	0	30517
25273	0	30517
25275	0	28984
25275	0	29601
25275	0	30517
25275	0	31085
25275	0	31335
25275	1	30603
25275	1	28948
25275	1	30601
25275	2	31230
25275	2	29762
25275	5	29381
25275	5	30248
25278	0	29834
25278	0	30665
25278	0	30517
25278	0	29556
25278	1	30660
25278	1	30350
25278	1	30418
25278	2	29069
25278	3	29884
25278	3	30299
25278	5	30297
25278	4	28953
25279	0	30517
25282	0	28980
25282	0	30868
25282	0	30868
25282	0	29492
25282	0	30275
25282	1	29856
25282	1	30205
25282	1	30757
25282	2	31230
25282	2	30477
25282	2	29762
25282	2	29518
25282	3	29504
25282	5	30248
25282	5	29381
25286	0	30517
25286	1	29555
25286	1	29086
25286	1	30856
25296	0	30107
25296	0	30868
25296	0	30868
25296	0	29445
25296	0	31093
25296	0	31093
25296	1	30890
25296	1	30422
25296	2	29157
25296	4	29033
25299	0	30517
25306	0	30517
25310	0	29612
25310	0	29325
25310	0	30517
25310	0	31236
25310	1	30977
25310	1	29353
25310	1	29208
25310	4	31119
25310	4	31224
25310	4	29033
25319	0	30288
25319	0	29922
25319	0	30868
25319	0	30868
25319	1	29728
25319	1	29375
25319	1	30449
25319	2	29172
25319	2	31375
25319	2	30263
25319	3	29051
25319	3	29181
25319	4	29033
25320	0	30517
25325	0	30148
25325	0	30517
25337	0	30517
25338	0	30991
25338	0	30868
25338	0	29743
25338	0	31304
25338	0	31304
25338	1	30890
25338	2	30992
25338	5	29621
25338	4	30962
25338	4	30790
25341	1	30234
25341	1	30175
25341	2	29516
25341	5	29108
25341	5	29697
25341	5	30518
25341	5	31108
25342	0	31270
25342	0	29598
25342	0	30868
25342	0	29162
25342	0	29610
25342	0	31135
25342	0	29182
25342	1	31065
25342	1	29299
25342	1	30502
25342	1	31396
25342	2	31284
25342	3	30442
25342	3	30541
25342	5	29998
25343	0	28951
25343	0	29325
25343	0	30517
25343	1	30137
25343	1	30184
25343	1	29216
25343	1	30238
25343	5	31118
25343	4	31306
25348	0	30517
25348	1	31338
25349	0	30868
25352	0	30868
25352	1	29434
25352	2	29387
25352	4	30141
25353	0	30517
25361	0	30517
25364	1	29900
25364	1	30131
25364	3	30855
25364	3	30117
25368	0	29712
25368	0	30868
25368	0	30868
25370	0	30517
25371	0	30517
25374	0	30517
25375	0	30517
25376	0	30517
25377	0	30517
25378	0	30517
25381	0	30517
25384	0	30517
25384	1	31186
25384	5	29381
25385	0	30517
25386	0	30517
25387	0	31400
25387	0	30517
25387	1	30234
25387	1	30340
25388	0	30517
25389	0	30517
25389	1	30449
25393	1	30599
25393	1	30503
25393	1	31129
25393	1	30476
25393	2	30392
25393	3	30406
25393	5	29804
25393	5	30021
25393	4	29033
25394	0	29873
25394	0	30868
25394	1	30890
25394	1	30152
25394	2	31170
25394	2	31428
25394	2	30465
25394	3	30862
25394	5	29381
25394	4	29569
25397	0	30517
25398	0	30517
25400	0	30536
25400	0	29367
25400	0	30148
25400	0	30517
25400	0	29406
25400	1	29303
25400	1	31408
25400	1	29092
25400	2	29533
25400	2	29779
25400	5	29548
25400	4	30698
25404	0	30517
25409	0	30517
25410	0	30517
25412	0	30517
25413	0	30517
25419	0	30517
25424	0	30517
25427	0	30517
25433	0	30517
25436	0	30517
25439	0	30517
25440	0	30517
25444	0	30517
25451	0	30517
25453	0	30517
25455	0	30517
25465	0	30620
25465	0	29651
25465	0	30517
25465	1	29216
25465	1	29117
25465	2	30851
25465	3	29044
25465	3	30450
25465	5	29381
25465	4	29033
25467	0	29249
25467	0	30868
25467	0	30868
25467	0	30367
25467	0	29907
25467	1	30868
25467	1	29587
25467	2	29196
25467	2	29719
25467	2	31280
25467	2	29782
25467	4	29033
25468	0	30517
25469	0	30517
25473	0	31208
25473	0	30517
25473	0	29966
25473	0	31422
25473	0	30459
25475	0	30517
25480	0	30517
25485	0	30517
25486	0	30517
25487	0	30517
25498	0	30517
25501	0	30517
25503	0	30517
25504	0	30517
25504	1	29639
25504	1	30471
25504	2	30364
25504	3	30541
25504	5	31168
25508	0	29203
25508	1	29715
25508	1	31013
25508	1	30682
25508	2	29736
25508	5	29075
25521	1	29920
25521	1	31333
25521	2	29221
25521	3	30287
25521	5	30847
25523	0	30517
25526	0	30517
25527	0	30517
25528	0	30517
25534	1	29216
25534	1	31013
25534	5	29381
25534	5	30900
25534	4	29113
25536	1	30407
25536	1	31367
25536	2	30392
25536	5	30142
25536	5	30469
25536	5	28987
25536	4	29024
25537	0	30517
25538	0	30517
25539	0	30517
25541	0	30517
25542	1	30328
25542	1	31129
25542	2	30392
25542	3	29628
25544	1	30189
25544	1	30234
25544	3	30934
25547	0	30517
25547	1	31336
25547	1	30340
25551	0	31144
25551	1	29527
25551	2	30392
25551	3	29132
25551	3	29150
25551	5	30585
25552	0	29329
25552	0	30868
25552	0	31155
25552	0	30809
25552	1	29465
25552	1	30286
25552	1	29987
25552	2	30392
25552	2	29298
25552	2	29281
25552	3	29956
25552	3	30416
25552	5	29381
25552	4	30692
25554	1	31060
25554	1	31144
25554	2	30392
25554	3	30545
25554	5	29381
25554	4	29422
25557	1	29189
25557	1	29216
25557	3	30689
25557	3	30545
25558	0	30517
25572	0	30517
25587	0	30517
25588	0	30517
25589	0	30517
25590	0	29122
25590	0	30868
25590	0	30370
25590	0	29123
25590	1	31017
25590	1	30880
25590	2	30837
25590	2	31133
25590	2	31015
25590	3	29307
25590	3	29336
25590	3	30129
25590	5	29381
25590	4	30674
25594	0	30517
25595	0	30517
25600	0	31255
25600	0	30868
25600	0	30517
25600	1	29980
25600	1	30078
25600	1	29216
25600	2	29446
25600	2	30827
25600	2	29160
25600	2	29967
25600	3	29752
25600	3	30400
25600	4	29033
25603	0	30517
25608	0	30517
25610	0	30517
25610	1	31336
25610	1	31180
25610	2	31215
25610	3	29475
25610	4	30721
25612	0	30517
25613	0	30517
25614	0	29220
25614	0	31018
25614	0	30868
25614	0	31210
25614	0	31431
25614	0	30659
25614	0	30025
25614	1	29771
25614	2	30605
25614	5	29381
25614	4	30700
25614	4	30962
25614	4	30647
25615	0	30517
25620	0	30517
25620	1	30921
25620	5	30639
25620	5	29937
25620	4	30097
25622	0	30517
25637	1	30965
25637	1	30825
25637	1	31227
25637	1	30816
25637	2	30392
25637	5	29579
25637	4	30674
25639	0	30271
25639	0	29829
25639	0	30868
25639	0	29214
25639	0	30751
25639	0	30751
25639	1	30940
25639	2	29418
25639	5	31254
25639	5	30036
25639	4	30962
25650	0	29523
25650	0	31341
25650	0	28976
25650	0	31245
25650	0	30665
25650	0	29825
25650	0	30868
25650	0	30386
25650	0	30367
25650	0	29257
25650	0	30867
25650	0	29197
25650	0	30927
25650	1	30775
25650	1	31363
25650	1	29255
25650	1	29259
25650	2	31149
25650	2	29812
25650	5	30321
25650	5	29513
25650	4	31205
25650	4	30770
25650	4	30674
25650	4	29177
25651	0	29279
25651	0	30868
25651	0	30868
25651	0	30235
25651	0	31293
25651	0	30443
25651	1	30500
25651	1	30449
25651	2	31350
25651	2	30392
25651	4	29524
25651	4	29989
25651	4	30750
25662	0	30517
25663	0	30517
25666	0	30517
25673	0	29325
25673	0	30383
25675	1	31129
25675	1	31235
25675	5	29381
25675	4	29395
25678	0	30517
25680	0	31242
25680	0	29922
25680	0	30148
25680	0	30517
25680	0	29043
25680	1	29248
25680	1	29216
25680	4	30365
25687	0	29146
25687	0	29325
25687	0	30517
25687	1	31013
25687	1	30818
25687	1	29863
25687	2	30392
25687	3	30545
25687	4	30877
25688	0	30517
25690	0	29105
25690	0	30868
25690	0	29880
25690	0	31140
25690	0	30868
25690	0	30755
25690	0	30306
25690	0	30904
25690	1	30166
25690	1	31147
25690	1	30019
25690	2	29386
25690	2	30392
25690	3	30761
25690	5	29253
25690	5	28956
25690	4	30415
25692	0	30517
25693	0	30517
25694	0	31152
25694	0	30517
25694	0	30016
25694	1	30621
25694	1	31366
25694	1	30527
25694	2	30392
25694	5	29381
25694	4	29164
25694	4	29033
25694	4	29586
25697	0	31094
25697	0	30868
25697	0	30868
25697	1	29768
25697	1	29116
25697	2	30393
25697	5	30207
25697	4	30674
25700	0	30517
25704	0	30517
25704	0	30517
25704	1	29165
25704	1	29931
25704	1	29161
25704	2	30392
25704	3	30541
25704	5	29225
25704	4	29170
25704	4	31330
25704	4	30707
25705	0	29567
25705	0	29258
25705	0	29756
25705	0	29940
25705	0	30540
25705	0	29598
25705	0	30013
25705	0	29784
25705	0	29912
25705	1	29631
25705	1	29065
25705	1	30898
25705	2	29539
25705	2	30843
25705	3	30956
25705	5	31172
25705	5	30435
25706	1	30994
25706	1	30535
25706	1	29977
25706	2	30392
25706	3	29617
25706	3	30421
25706	5	29381
25706	5	29710
25706	4	30924
25706	4	29830
25706	4	31082
25709	0	30517
25709	1	29397
25709	2	29814
25709	5	29285
25711	0	30517
25711	1	29320
25711	5	30774
25712	0	30517
25715	0	30517
25717	0	30517
25718	0	31030
25719	0	30517
25720	0	29846
25720	0	29598
25720	0	30329
25720	0	30868
25720	0	30737
25720	1	29771
25720	1	30164
25720	2	30392
25720	3	30541
25720	5	29381
25721	0	29280
25721	0	30223
25721	0	29084
25721	0	29138
25721	0	30729
25721	0	30868
25721	0	31030
25721	0	31288
25721	0	30893
25721	1	30890
25721	1	29476
25721	1	30596
25721	2	31353
25721	2	30708
25721	3	30274
25721	3	30564
25721	5	30289
25721	5	30318
25721	5	31107
25721	5	29550
25721	5	30086
25721	4	30357
25721	4	29891
25721	4	30128
25721	4	29914
25721	4	29935
25722	0	29266
25722	0	30892
25722	0	30517
25722	0	29043
25722	0	30975
25722	0	30975
25722	1	31013
25722	1	30508
25722	1	29563
25722	2	30392
25722	3	31003
25722	5	31315
25722	5	29381
25724	0	29290
25724	0	30868
25724	0	30517
25724	0	29655
25724	1	29377
25724	1	29700
25724	5	30002
25724	5	29718
25724	4	30701
25724	4	31386
25725	0	30517
25727	0	30517
25728	0	30517
25728	1	30863
25728	1	30234
25728	3	30274
25728	4	31253
25729	0	30517
25732	0	30148
25732	0	30517
25732	0	28982
25732	1	29538
25732	1	29216
25732	1	31314
25732	2	29028
25732	5	29381
25732	4	30261
25732	4	30149
25732	4	30962
25733	0	30517
25735	0	30517
25735	1	29963
25735	1	31033
25735	1	31378
25735	1	30188
25735	2	29370
25735	2	29286
25735	2	30424
25735	5	29183
25737	0	30517
25739	0	30517
25744	0	31239
25744	0	30352
25744	0	30517
25744	0	29470
25744	0	29478
25744	0	29790
25744	1	29199
25744	1	29236
25744	1	30464
25744	1	29795
25744	1	29204
25744	2	30666
25744	2	30058
25744	3	30887
25744	3	31358
25744	3	29576
25744	5	31072
25744	4	30007
25748	0	29838
25748	0	30517
25748	1	31077
25748	1	31013
25748	2	31215
25750	0	30517
25762	0	30517
25769	0	30517
25773	0	30517
25773	1	29704
25773	2	30392
25773	3	30541
25773	5	31151
25773	4	30962
25775	0	30420
25776	0	30517
25784	0	30517
25786	0	30517
25790	1	30234
25790	1	28998
25790	5	29381
25790	5	30716
25790	4	29205
25791	1	30224
25791	1	31129
25791	3	29053
25791	5	30640
25791	4	30721
25794	1	29821
25794	1	31013
25794	4	29525
25797	0	30569
25797	0	30517
25800	0	30517
25801	1	29472
25801	4	30060
25804	0	31264
25804	0	31287
25804	0	30517
25804	0	29295
25804	1	31013
25804	1	31336
25804	1	29444
25804	5	29381
25804	4	29456
25804	4	29033
25804	4	28945
25805	0	30517
25810	0	30517
25812	0	30231
25812	1	29020
25812	1	30252
25812	3	29699
25813	0	30517
25813	0	30627
25813	1	28955
25813	1	30204
25813	2	29202
25813	3	30489
25813	4	29588
25813	4	30251
25815	0	29901
25815	0	30868
25815	0	30868
25815	0	29449
25815	0	29409
25815	0	30198
25815	1	29435
25815	2	29886
25815	2	30033
25815	2	30710
25815	2	29958
25815	2	30445
25815	3	29913
25815	4	30555
25817	0	30394
25817	0	30517
25817	1	28952
25817	1	29218
25817	2	31434
25817	4	29033
25824	0	30517
25826	0	30517
25832	0	30517
25832	1	29595
25832	1	29438
25835	0	29156
25839	0	30517
25840	0	29148
25840	0	30517
25840	1	30423
25840	1	30473
25840	1	28985
25840	1	31345
25840	2	30392
25840	3	30878
25840	5	31113
25840	5	30081
25840	5	29048
25840	4	29893
25846	0	30517
25849	0	30517
25852	0	30517
25859	0	30517
25869	0	30517
25870	0	29137
25870	0	31259
25870	0	30813
25870	0	29247
25870	0	30747
25870	0	29147
25870	0	29508
25870	0	29906
25870	1	30257
25870	1	29287
25870	1	31059
25870	1	29842
25870	2	30392
25870	5	31045
25870	5	30678
25870	4	31411
25871	0	30888
25871	0	28949
25871	0	30517
25871	0	30231
25871	1	29505
25871	1	30765
25871	1	31333
25871	1	30684
25871	2	30392
25871	3	31006
25871	5	29381
25871	5	30056
25871	4	30962
25873	0	31276
25873	0	30148
25873	0	30517
25873	0	30246
25873	1	29988
25873	1	30684
25873	2	30392
25873	3	30450
25873	5	29381
25873	5	31228
25873	4	29741
25873	4	30962
25877	0	29942
25877	1	29292
25877	1	29645
25877	1	31212
25877	2	30429
25877	3	29911
25877	5	31416
25877	5	29389
25877	5	31201
25877	5	30722
25877	5	31318
25877	4	30598
25877	4	30074
25878	0	30211
25878	0	30517
25879	0	29309
25879	0	30868
25879	0	31098
25879	0	29027
25879	0	30397
25879	1	29879
25879	1	30903
25879	1	29276
25879	1	29072
25879	2	31021
25879	2	29730
25879	2	29149
25879	3	28975
25879	4	29380
25879	4	29437
25879	4	29876
25881	0	31222
25882	0	31387
25882	0	29724
25882	0	30396
25882	0	28979
25882	0	30868
25882	0	30737
25882	0	31177
25882	1	29771
25882	1	29121
25882	2	29200
25882	3	30541
25882	5	29560
25883	0	30294
25883	0	30215
25883	0	31111
25883	0	30192
25883	0	30868
25883	0	29966
25883	0	31036
25883	0	30709
25883	1	29955
25883	2	31372
25883	2	29512
25883	3	31372
25883	5	29381
25883	5	31128
25883	4	29581
25884	0	29981
25884	0	30868
25884	0	30868
25884	0	30971
25884	0	29577
25884	0	30637
25884	0	30779
25884	1	29924
25884	1	29262
25884	2	29028
25884	5	29381
25884	4	29390
25885	0	30517
25892	0	30947
25892	0	30868
25892	0	30868
25892	0	30868
25892	0	29445
25892	0	30731
25892	1	30890
25892	2	31312
25892	2	30987
25892	3	29265
25896	0	30517
25897	0	29495
25897	0	30478
25897	0	30868
25897	1	30890
25897	1	30868
25897	2	30392
25897	3	30541
25899	0	30517
25900	1	29597
25900	1	29159
25900	1	29587
25900	2	30675
25900	3	31266
25900	5	30447
25900	4	29033
25902	0	30260
25902	0	30517
25902	1	30234
25902	4	30962
25905	0	30517
25906	0	31271
25906	0	29838
25906	0	30517
25906	0	30347
25906	0	29798
25906	0	30126
25906	1	30572
25906	1	30303
25906	2	31024
25906	5	31265
25906	4	30537
25907	0	30517
25910	0	30517
25912	0	30528
25912	0	30740
25912	0	28979
25912	0	30868
25912	0	30293
25912	0	30264
25912	0	30379
25912	1	29771
25912	1	30292
25912	2	30392
25912	3	30541
25913	0	31418
25913	0	30517
25913	1	31200
25913	1	30951
25913	1	30242
25913	1	30461
25913	2	30392
25913	5	30852
25913	5	29031
25914	0	30517
25915	0	30649
25915	0	30517
25915	0	31355
25915	0	31028
25915	1	30057
25915	1	29764
25915	2	30392
25915	3	31420
25915	3	30513
25915	4	29972
25915	4	30962
25915	4	29679
25915	4	29272
25918	0	30517
25918	0	30517
25919	0	30517
25920	0	29036
25920	0	30148
25920	0	30517
25920	0	29559
25920	1	29171
25920	1	29030
25920	1	29869
25920	1	29975
25920	2	29349
25920	3	29308
25920	5	29381
25920	4	29033
25922	0	30517
25923	1	30759
25923	1	31338
25923	1	31043
25923	5	31361
25923	5	29040
25923	4	31369
25926	0	29806
25926	0	30868
25926	0	31432
25926	0	30570
25926	0	30040
25926	1	28981
25926	1	29416
25926	1	29447
25926	1	30696
25926	2	30730
25926	2	29152
25926	2	31326
25926	5	30387
25926	5	29737
25926	4	29694
25927	0	30930
25927	0	30569
25927	0	30517
25927	0	31165
25927	0	30079
25927	0	30258
25927	1	29638
25927	1	31158
25927	1	30937
25927	2	31230
25927	2	31220
25927	2	30922
25927	3	30480
25927	5	29519
25927	4	30169
25927	4	30451
25927	4	29650
25927	4	30160
25929	1	29860
25929	1	30942
25929	2	31124
25929	3	30274
25929	4	30962
25930	0	29139
25930	0	30868
25930	0	30115
25930	1	29659
25930	1	31424
25930	1	29520
25930	2	30869
25930	5	29381
25930	4	29001
25930	4	29396
25931	0	30517
25932	0	30517
25933	0	30517
25933	0	29895
25933	1	30552
25933	1	29887
25933	1	30398
25933	2	29038
25933	2	31207
25933	2	29289
25933	3	29194
25933	5	29381
25933	4	29569
25933	4	29033
25934	0	30517
25935	0	30517
25935	1	29660
25935	1	30868
25935	2	29832
25935	5	29381
25935	4	30700
25935	4	30962
25938	0	29407
25938	0	30478
25938	0	30729
25938	0	30616
25938	0	30517
25938	0	30517
25938	0	30517
25938	0	30517
25938	0	28970
25938	0	29857
25938	0	30574
25938	1	29100
25938	1	31381
25938	1	29209
25938	1	30614
25938	2	30392
25938	3	29486
25938	4	29827
25938	4	29713
25938	4	29312
25939	0	30517
25943	0	30517
25946	0	30517
25948	0	30517
25949	0	30517
25951	0	30399
25951	0	30517
25951	0	29851
25951	0	30844
25951	1	29216
25951	1	29104
25951	4	29033
25951	4	29471
25952	0	30517
25955	0	30517
25957	0	30517
25958	0	30517
25962	0	30517
25964	0	29974
25964	0	29589
25964	0	30046
25964	0	30868
25964	0	30112
25964	0	29499
25964	1	29209
25964	2	30901
25964	3	29451
25964	5	30326
25964	4	29033
25965	0	30272
25965	0	30868
25965	0	30868
25965	0	29534
25965	0	29050
25965	0	29050
25965	1	30763
25965	2	30706
25965	2	31321
25965	3	30237
25965	3	30239
25965	3	31080
25966	0	29384
25966	0	30868
25966	0	28947
25966	0	30868
25966	0	30301
25966	0	30176
25966	0	30967
25966	1	29627
25966	1	31329
25966	2	31078
25966	3	29191
25966	4	29033
25972	0	30517
25978	0	30517
25979	0	30517
25979	1	30193
25979	1	29216
25979	1	29980
25979	2	30735
25979	4	29613
25979	4	29833
25980	0	30704
25980	0	30517
25980	1	30234
25980	1	29609
25980	1	30216
25980	4	31389
25983	0	30425
25983	0	30868
25983	0	30868
25983	0	29445
25983	0	31181
25983	0	31181
25983	1	31136
25983	2	29010
25983	2	31263
25983	2	29883
25983	3	29101
25983	5	29366
25983	4	31150
25983	4	30389
25984	0	30517
25985	0	30517
25986	0	30517
25987	0	30517
25988	0	30517
25988	1	29093
25988	1	30065
25988	1	30658
25988	1	29839
25988	1	29934
25988	3	31006
25988	5	30806
25988	5	30049
25988	5	29323
25988	5	29260
25988	5	29134
25988	5	30105
25988	4	29848
25989	0	30517
25991	0	29310
25991	0	29325
25991	0	30517
25991	0	29770
25991	1	31048
25991	1	29916
25991	1	28992
25991	2	30392
25991	5	31198
25991	4	29033
25993	0	30517
25994	0	30868
25999	0	30902
25999	1	30908
25999	5	30550
25999	4	30839
26000	0	29325
26000	0	30517
26000	1	30234
26000	1	29768
26000	2	30392
26002	0	29969
26002	0	30868
26002	0	30868
26002	0	29445
26002	0	30431
26002	1	29002
26002	2	28964
26002	3	30724
26002	4	29949
26002	4	31047
26006	0	30490
26006	1	30135
26006	1	30497
26006	2	30263
26006	3	30274
26006	5	30533
26006	5	31258
26006	5	30185
26006	5	29706
26006	5	30885
26006	5	29124
26006	4	29525
26006	4	29973
26010	0	30517
26014	0	30517
26015	0	30517
26019	0	30517
26022	0	30597
26022	0	30868
26022	0	30517
26023	0	29073
26023	1	30926
26023	1	30577
26023	4	30178
26025	0	29843
26025	0	30517
26025	0	30016
26025	1	31236
26025	1	30458
26025	1	31038
26025	4	30522
26025	4	29817
26026	0	30517
26026	0	30517
26028	1	30879
26028	4	29033
26034	0	30167
26034	0	30868
26034	0	30517
26034	0	30517
26034	0	31169
26035	1	31218
26035	1	30802
26035	1	31333
26035	3	30891
26035	5	29381
26035	4	29033
26036	0	30517
26037	0	30517
26044	0	29041
26044	0	29922
26044	0	31285
26044	0	30517
26044	1	31399
26044	1	30832
26044	2	30392
26044	3	30771
26044	3	30324
26044	4	30674
26046	0	30517
26049	0	30409
26049	1	30531
26049	1	30285
26049	2	29066
26049	2	30232
26049	3	30545
26049	5	29048
26049	4	30674
26052	0	29634
26052	0	30592
26052	0	29547
26052	0	30444
26052	0	30517
26052	0	30506
26052	0	30384
26052	0	31092
26052	1	29343
26052	1	30954
26052	1	30316
26052	1	30132
26052	2	30392
26052	3	29692
26052	3	30022
26052	5	29381
26052	4	29530
26052	4	30475
26052	4	30035
26052	4	29618
26053	0	29421
26053	0	31208
26053	0	31112
26053	0	30868
26053	0	31225
26053	0	30080
26053	0	31145
26053	1	29631
26053	1	31343
26053	2	30466
26053	2	30697
26053	3	29486
26053	5	29381
26053	5	31368
26054	0	30517
26056	0	30517
26057	0	29515
26057	0	29325
26057	0	30517
26057	1	29216
26057	1	30630
26057	2	30392
26057	2	29669
26057	3	30746
26057	5	30139
26057	5	29381
26057	4	29683
26061	0	29854
26061	0	30868
26061	0	29445
26061	1	29587
26061	2	29680
26061	5	29984
26064	0	30517
26064	1	29920
26064	2	29399
26064	5	30045
26064	5	29921
26064	5	29847
26064	5	29363
26064	5	30789
26064	5	29837
26064	5	30534
26064	5	30501
26064	5	30511
26064	4	30366
26066	0	30517
26067	0	29725
26067	0	30868
26067	0	30243
26067	0	29822
26067	0	29192
26067	1	30890
26067	1	31329
26067	1	29587
26067	2	30029
26067	2	29015
26067	2	31402
26067	2	30212
26067	5	29381
26067	5	29178
26067	5	31137
26067	4	31262
26069	0	30517
26070	0	30517
26074	0	30203
26074	0	30798
26074	0	30868
26074	0	29445
26074	0	29206
26074	0	29206
26074	1	30890
26074	2	29708
26074	5	29381
26074	4	29326
26074	4	29033
26077	0	29325
26077	0	30517
26079	0	30517
26080	0	30559
26080	0	31208
26080	0	30868
26080	0	29966
26080	0	30580
26080	0	29332
26080	0	29809
26080	1	29169
26080	1	30854
26080	2	30337
26080	2	29946
26080	2	30623
26080	3	30380
26080	3	29684
26080	5	29381
26080	4	29741
26080	4	30647
26080	4	30962
26081	0	30517
26082	0	30517
26084	0	30517
26086	0	29325
26101	0	30517
26103	0	30517
26108	0	30517
26109	0	30517
26110	0	31055
26110	0	31260
26110	0	29720
26110	0	30517
26110	0	29777
26110	1	31257
26110	1	29537
26110	2	29339
26110	2	29669
26110	3	29340
26110	4	31433
26113	0	30517
26116	1	29831
26116	1	29900
26116	4	31237
26117	0	31206
26117	0	31152
26117	0	30517
26117	0	29646
26117	1	30005
26117	1	29382
26117	2	29497
26117	2	29864
26117	3	30524
26117	5	30369
26117	4	29033
26122	0	30517
26128	0	30517
26129	0	30517
26130	0	30517
26132	0	30517
26140	1	31329
26140	1	31129
26140	2	29213
26140	2	30392
26140	3	29464
26140	5	29381
26140	4	29703
26141	1	30928
26171	0	30517
26188	0	31154
26188	0	30868
26188	0	28995
26188	1	29923
26188	1	30964
26188	2	30575
26188	2	30222
26188	3	29479
26188	3	29140
26188	5	29381
26188	4	29033
26190	0	30517
26236	1	31414
26236	1	31367
26236	1	29500
26236	2	30901
26236	4	30674
26252	0	30868
26256	0	31234
26256	0	29158
26256	1	30961
26256	2	30973
26256	2	31342
26256	4	30782
26308	0	30517
26322	1	30217
26324	0	30868
26408	0	30665
26408	0	29295
26408	1	31013
26408	1	30047
26408	1	29025
26408	4	30962
26414	0	31362
26414	0	30231
26414	0	29698
26414	0	30579
26414	1	30926
26414	1	31142
26414	1	30979
26414	2	30392
26414	2	31024
26414	5	31430
26414	5	29908
26414	5	29267
26414	4	29742
26414	4	29757
26417	0	30027
26417	0	30729
26417	0	30517
26417	0	29849
26417	1	29665
26417	1	29947
26417	1	29432
26417	2	29021
26417	3	30545
26417	4	30676
26420	0	29322
26420	0	30868
26420	0	30517
26420	0	30627
26420	0	30162
26420	0	29327
26420	1	30646
26420	1	30823
26420	1	30955
26420	1	30727
26420	2	29868
26420	2	29003
26420	5	29381
26420	4	31130
26423	0	31062
26423	1	31013
26423	1	31099
26423	2	29428
26423	4	29574
26425	0	29325
26425	0	30517
26427	0	30683
26427	0	30998
26427	1	29195
26427	1	30799
26427	2	31054
26427	3	31006
26427	5	29180
26427	4	29613
26427	4	29572
26464	0	30517
26464	1	31244
26464	1	30517
26464	4	29727
26465	0	30031
26473	0	31332
26473	1	30718
26473	1	29714
26473	4	29862
26497	0	30517
26501	0	29357
26501	0	30868
26501	0	29445
26501	1	30606
26501	2	30284
26501	4	29223
26519	0	30517
26548	1	31125
26548	4	30962
26549	1	30870
26549	5	29604
26560	0	30868
26573	0	29820
26573	0	30109
26573	0	29503
26573	0	30777
26573	1	29890
26573	2	30244
26573	3	31006
26573	5	30780
26573	5	29619
26573	5	30307
26573	4	30819
26579	4	30783
26581	0	30517
26581	1	30868
26581	2	30848
26581	5	28996
26581	5	28967
26581	4	29761
26596	0	30517
26603	0	30517
26604	0	30517
26606	0	30868
26608	0	29354
26608	1	29755
26608	1	29144
26608	1	30343
26608	5	29381
26608	4	29001
26608	4	29033
26610	0	30517
26612	0	31056
26612	0	30517
26612	1	30050
26612	4	30962
26625	5	29620
26625	5	29268
26625	5	31102
26625	4	30962
26661	0	30829
26661	0	29664
26661	1	31013
26661	1	30234
26661	1	29489
26661	1	29954
26661	2	30392
26661	5	29381
26661	5	31029
26661	4	30962
26666	0	29054
26666	0	29419
26666	1	29773
26666	1	30591
26666	1	29663
26666	2	29976
26666	5	31161
26666	5	30147
26666	4	29874
26672	0	30517
26682	0	30517
26686	0	30517
26686	1	31185
26686	4	30721
26709	0	30685
26709	0	30517
26709	1	29841
26709	1	30554
26709	2	30392
26709	5	29234
26709	5	29546
26709	4	30980
26739	1	30359
26739	5	30645
26739	4	30962
26760	0	30517
26766	0	30517
26767	0	30517
26773	1	30881
26773	1	30282
26773	2	30392
26773	3	31305
26773	5	30179
26773	5	29167
26773	5	30773
26773	5	29242
26773	4	30714
26798	0	30517
26823	0	30517
26857	0	31291
26857	1	30452
26857	2	31230
26857	5	31109
26857	4	30113
26864	0	30440
26869	0	30517
26906	0	31194
26906	1	28972
26906	1	29188
26906	2	29063
26906	5	29616
26906	5	30101
26906	4	30962
26912	0	30517
26916	0	30332
26916	0	29325
26916	0	30448
26916	1	29216
26916	1	31064
26916	5	31383
26916	4	29629
26919	0	30562
26919	0	30517
26919	1	29920
26919	1	30929
26919	2	30392
26919	5	29234
26921	1	30845
26921	1	30945
26921	1	30652
26921	2	29533
26921	5	29485
26921	4	30481
26922	0	30373
26922	0	30517
26922	1	30608
26922	1	31129
26922	2	30901
26923	0	30517
26923	4	31009
26926	0	30517
26952	0	30519
26952	1	31173
26952	1	30236
26952	5	29023
26952	5	29087
26952	4	30962
26957	0	30517
26964	4	30990
27011	0	31226
27011	0	30517
27011	0	28957
27011	0	30758
27011	1	30937
27011	1	31213
27011	1	31364
27011	2	30392
27011	5	30553
27011	5	29909
27011	4	29865
27013	0	30517
27015	0	30517
27015	1	29216
27016	0	30517
27016	1	29324
27016	1	30988
27019	0	31348
27019	0	29043
27019	0	31063
27019	1	30051
27019	2	29398
27019	5	28988
27019	5	31027
27019	5	28944
27019	4	29643
27019	4	29658
27019	4	29769
27020	0	29808
27020	0	30803
27020	0	30226
27020	0	29043
27020	0	30894
27020	0	29039
27020	1	30684
27020	1	30098
27020	1	30265
27020	2	29709
27020	5	30456
27020	5	31197
27020	5	30012
27020	4	29574
27021	0	30517
27021	1	29489
27025	0	30517
27031	0	30864
27032	0	30517
27033	1	29543
27041	0	29325
27041	0	30517
27049	0	30868
27049	1	31186
27049	1	30920
27049	2	31311
27049	3	29190
27049	5	30626
27049	5	31308
27049	5	29381
27050	0	30517
27051	0	30517
27051	1	28989
27051	5	29381
27051	4	29316
27052	0	30517
27056	0	30304
27056	0	30517
27056	1	30341
27056	1	30517
27056	5	29746
27057	0	30245
27057	0	29652
27057	1	30895
27057	5	29250
27057	5	29677
27057	4	29393
27063	0	30517
27063	1	30631
27063	5	30586
27064	0	30517
27073	0	30517
27073	1	30554
27073	1	30745
27073	1	29288
27073	5	29997
27073	4	29585
27074	0	30517
27074	1	31129
27074	5	30436
27078	0	30517
27078	1	29037
27078	1	30560
27078	4	30962
27081	0	30517
27081	1	29738
27081	1	30340
27081	1	31333
27081	5	30413
27086	0	29904
27086	0	30517
27086	0	30231
27086	1	30221
27086	1	31129
27086	1	31269
27086	2	30392
27086	3	30274
27086	5	29381
27086	4	30962
27087	0	29898
27087	0	30517
27087	1	30725
27087	4	29964
27088	0	31184
27090	0	30517
27090	1	29805
27090	5	29896
27092	0	30517
27093	0	30517
27093	1	30234
27093	5	29251
27093	5	30092
27093	4	29395
27094	0	30517
27095	0	30517
27095	5	31272
27095	4	31163
27095	4	29423
27097	0	31007
27097	0	30517
27097	1	30234
27097	1	31333
27097	2	30392
27097	3	29721
27097	3	30274
27097	4	31237
27098	0	30517
27098	1	30532
27103	0	30517
27107	1	31333
27107	1	30820
27107	2	30857
27107	5	29408
27107	5	29960
27107	5	30351
27107	5	30063
27107	5	28963
27107	5	29487
27112	0	30517
27112	1	30408
27112	5	30487
27112	5	29803
27112	5	29185
27112	5	29603
27112	4	31041
27113	0	30517
27114	0	30868
27114	1	30882
27114	5	30914
27114	4	30962
27120	0	30517
27120	1	31191
27120	1	29615
27130	0	30517
27130	1	31189
27130	1	30488
27130	2	30089
27130	5	31168
27133	0	30517
27133	1	31333
27133	2	30392
27133	3	30274
27133	4	30962
27135	0	29557
27139	0	30517
27139	0	30627
27149	0	30517
27151	0	30517
27175	1	30538
27175	1	30995
27175	2	30392
27175	3	30545
27175	3	31020
27175	5	30650
27175	5	29541
27175	5	29126
27175	5	31392
27175	5	30840
27175	4	29613
27175	4	31295
27177	0	30382
27177	0	30517
27177	0	29622
27177	0	28974
27177	0	29780
27177	1	28999
27177	1	29503
27177	2	30828
27177	2	29442
27177	5	29436
27177	5	31360
27177	4	30674
27177	4	30354
27180	0	30517
27180	1	31013
27180	4	30283
27182	0	30517
27182	1	31333
27182	1	28989
27182	1	29216
27189	0	29936
27189	0	30517
27189	0	29043
27189	0	30000
27189	0	30733
27189	1	30823
27189	1	29383
27189	2	30392
27189	5	29381
27189	5	30915
27189	4	28977
27189	4	31190
27189	4	30635
27189	4	29114
27196	1	30835
27196	1	29701
27196	2	29364
27196	5	29855
27198	0	31016
27198	0	30517
27198	1	30146
27198	5	29553
27198	4	29013
27199	0	30148
27199	0	30517
27199	1	29283
27199	1	30024
27199	1	28992
27200	0	30517
27200	1	30870
27201	0	29237
27201	0	29043
27201	0	29938
27201	0	29878
27201	1	30108
27201	1	30359
27201	1	31415
27201	1	29938
27201	1	30937
27201	2	30392
27201	5	29600
27201	5	30935
27201	5	30587
27201	4	30571
27201	4	30120
27205	0	30041
27205	1	30095
27205	1	30756
27205	1	30986
27205	5	30520
27205	4	31289
27206	0	30517
27217	0	29337
27217	0	30517
27219	0	29593
27219	0	30868
27219	0	30517
27219	0	31182
27219	0	30470
27219	1	31096
27219	2	30392
27219	5	29256
27219	4	29033
27243	0	31120
27247	0	29238
27247	0	31176
27247	1	30554
27247	1	30926
27247	1	31180
27247	2	30392
27247	5	30390
27247	4	30962
27248	0	30517
27248	1	30841
27248	1	29360
27248	2	29630
27248	4	30116
27252	0	30642
27252	1	31328
27252	2	30504
27252	5	29859
27252	5	29775
27261	0	29521
27261	1	31377
27261	1	31333
27261	2	30392
27261	5	29381
27261	4	29113
27261	4	31123
27264	0	31076
27264	0	30517
27264	1	29216
27264	1	29379
27264	4	29024
27266	0	30517
27268	1	29216
27268	2	29386
27268	3	30925
27268	4	30277
27269	0	30028
27269	0	30868
27269	0	31279
27269	0	31307
27269	1	28971
27269	1	31407
27269	1	31104
27269	2	30869
27269	5	30769
27269	5	29306
27269	4	29675
27269	4	30674
27270	0	29325
27270	0	30517
27270	1	29754
27270	1	30599
27270	5	29579
27274	1	30868
27274	4	29394
27275	0	30517
27275	1	29943
27275	5	30766
27276	0	30517
27276	1	30874
27276	1	29639
27276	2	30851
27276	3	31006
27276	3	30851
27276	5	31066
27276	4	30661
27278	0	29601
27278	0	30517
27278	0	31156
27278	1	31282
27278	1	29587
27278	1	29343
27278	1	31329
27278	2	30385
27278	2	29670
27278	3	31022
27278	5	29381
27278	4	29001
27278	4	29261
27279	0	30517
27280	0	29062
27280	0	29085
27280	0	29743
27280	1	30663
27280	2	30263
27280	3	30274
27280	5	29381
27280	4	30653
27283	0	30517
27284	0	30517
27286	0	30517
27288	0	30542
27288	0	30517
27288	1	29869
27288	5	29381
27288	4	29164
27288	4	29033
27291	0	30517
27293	0	30517
27298	0	30752
27298	0	30367
27298	0	30966
27298	0	30966
27298	1	29819
27298	1	30763
27298	2	31434
27298	2	31372
27298	2	30208
27298	5	31216
27298	4	31167
27299	0	30517
27301	0	30517
27302	0	30517
27303	0	30517
27305	0	30517
27307	0	31287
27308	0	30517
27308	1	29573
27308	1	31337
27311	0	30517
27314	0	30517
27314	1	30234
27324	1	30693
27324	1	30234
27324	3	30541
27324	4	29422
27338	0	30517
27338	5	29381
27339	0	30066
27339	1	31409
27339	2	29676
27339	4	30686
27364	0	30517
27368	0	30517
27374	0	30517
27377	0	30517
27383	0	29605
27383	0	28995
27383	0	30463
27383	1	31129
27383	1	31292
27383	2	30392
27383	5	29193
27383	5	30883
27383	4	29681
27383	4	29919
27395	1	30234
27395	5	30852
27404	0	30517
27407	0	30517
27408	0	30517
27410	0	30517
27411	0	29480
27411	0	30517
27411	1	29208
27411	1	30234
27411	5	29318
27412	0	30517
27412	1	29143
27412	2	30392
27412	3	30274
27412	5	31322
27412	4	30668
27414	0	30517
27414	1	30917
27414	3	29721
27415	0	29119
27415	1	29293
27415	1	30554
27415	1	30753
27415	2	30392
27415	3	30541
27415	4	29734
27417	0	30517
27431	0	30517
27446	0	29355
27446	0	30517
27446	1	31171
27446	1	29375
27446	1	30320
27446	1	30099
27446	2	30392
27446	5	31143
27446	4	30953
27446	4	30227
27449	0	30517
27452	0	31148
27452	0	29325
27452	0	30517
27452	0	31344
27452	1	30565
27452	1	29092
27452	1	29562
27452	2	30392
27452	3	31006
27452	4	31405
27453	0	30517
27453	1	29995
27453	5	30381
27453	5	31126
27453	4	29678
27457	1	31180
27457	1	31129
27457	5	30691
27459	0	30517
27466	1	29772
27466	4	30210
27470	0	30804
27470	0	30889
27470	0	31001
27470	0	29226
27470	0	31152
27470	0	29076
27470	0	30525
27470	1	30250
27470	1	31297
27470	2	31049
27470	2	30987
27470	3	30739
27474	0	30517
27474	1	29661
27474	5	29381
27476	0	29686
27483	1	30453
27483	1	30793
27483	2	29082
27483	5	29381
27483	4	30118
27484	0	30517
27487	0	30517
27487	1	30335
27487	1	30432
27487	5	31192
27497	0	30517
27499	0	30376
27499	0	30517
27499	0	29043
27499	0	29668
27499	0	30402
27499	1	29900
27499	1	29625
27499	1	29216
27499	2	30392
27499	2	30625
27499	5	29270
27499	4	30962
27499	4	30255
27499	4	30495
27500	1	31013
27500	5	31370
27500	5	29932
27500	4	30962
27505	0	30517
27509	0	29274
27509	0	30517
27509	1	30234
27509	3	30677
27509	5	29493
27511	0	31334
27511	0	30517
27511	1	31232
27511	1	30427
27511	4	31204
27514	0	30517
27516	0	30517
27518	0	30517
27518	1	31025
27595	0	30517
27595	1	31174
27595	5	29381
27595	4	29653
27611	0	30517
27611	1	31115
27615	0	29429
27615	0	30517
27615	1	28990
27615	1	31183
27615	1	31013
27615	1	30578
27615	1	29892
27615	2	31159
27615	2	30392
27615	3	30690
27615	4	30674
27616	1	30554
27616	4	29376
27640	0	29799
27640	0	30868
27640	0	29300
27640	1	29059
27640	1	31246
27640	1	29793
27640	2	29640
27640	2	29637
27640	3	31131
27640	5	29120
27640	5	30253
27640	5	30096
27640	4	29574
27640	4	30754
27641	0	30034
27641	0	30517
27641	1	30484
27641	1	31166
27641	1	31040
27641	2	30263
27641	5	31391
27641	4	29865
27643	1	30870
27645	1	30408
27645	1	30172
27645	2	30901
27645	5	29897
27645	5	30723
27645	5	30826
27645	4	31214
27646	0	30517
27646	1	30359
27646	1	30517
27646	5	29852
27646	5	29381
27647	1	30875
27647	1	31070
27647	2	30392
27647	4	29469
27649	0	30517
27650	0	30517
27650	1	30234
27652	0	30517
27652	1	30702
27652	1	29216
27652	2	30392
27652	3	31006
27652	5	29243
27652	5	29184
27652	5	30262
27653	0	29361
27653	0	30517
27653	1	30234
27653	1	30323
27653	2	30392
27653	4	30661
27655	0	30517
27656	1	30727
27656	2	31230
27656	4	31298
27657	1	31426
27657	1	30432
27657	2	30392
27657	3	29451
27657	5	29246
27658	0	29141
27658	0	30517
27658	1	30449
27658	5	29373
27659	0	30517
27659	1	30449
27659	1	29900
27659	2	30848
27659	5	30636
27659	5	31141
27659	4	30240
27660	0	29129
27660	0	30517
27660	1	29962
27660	1	31333
27660	1	31333
27660	2	30263
27660	2	30392
27660	5	30462
27661	0	29614
27661	0	30667
27661	1	30822
27661	1	30091
27661	1	29815
27661	2	30548
27661	2	31162
27661	5	31052
27661	5	30241
27661	4	30358
27661	4	30074
27662	0	30517
27662	1	31279
27662	2	29109
27662	5	31100
27662	4	29252
27663	0	30374
27663	0	30517
27663	0	29952
27663	0	30082
27663	0	30247
27663	1	29103
27663	1	29216
27663	1	29582
27663	2	30202
27663	5	29381
27663	4	30404
27663	4	30978
27665	0	30517
27665	1	29778
27665	1	31233
27666	0	30517
27682	0	30517
27687	0	30517
27687	1	30910
27687	5	29381
27689	0	30796
27689	0	30517
27689	1	30234
27689	2	31267
27689	3	31006
27690	0	30517
27691	0	29440
27691	0	30868
27691	0	30868
27691	1	29175
27691	1	29378
27691	1	29570
27691	1	30890
27691	2	30530
27691	3	31319
27691	3	28946
27691	5	29748
27694	0	30517
27695	0	30517
27697	0	30517
27697	1	30491
27697	5	29305
27697	5	29578
27697	5	29903
27697	5	31371
27697	4	29401
27700	0	30517
27702	1	29549
27702	2	30392
27703	1	30941
27703	1	30072
27703	4	29574
27704	0	30517
27704	1	31337
27704	5	31083
27704	4	30521
27708	0	30517
27714	1	29344
27714	2	30392
27716	0	30517
27719	1	30567
27719	5	31324
27719	4	29823
27721	0	29654
27721	1	31384
27721	1	31252
27721	1	30801
27721	2	30901
27721	2	31074
27721	5	29551
27721	4	31283
27722	0	30517
27722	1	29688
27722	1	30138
27722	3	30677
27727	0	30517
27728	0	30517
27729	0	30517
27729	1	30870
27729	1	29583
27729	2	30548
27729	3	29953
27729	5	31390
27733	0	30517
27733	5	30632
27734	0	30517
27735	0	30517
27735	1	30136
27735	1	30474
27735	2	31159
27735	5	31105
27735	5	29381
27735	4	29865
27736	0	30517
27736	1	30234
27736	5	29240
27736	4	31247
27742	0	30517
27742	1	30053
27742	5	30546
27742	5	30957
27744	0	30517
27745	0	30517
27745	1	30234
27745	1	30368
27745	2	30392
27747	5	29089
27747	5	30781
27747	5	31241
27759	1	30794
27759	1	29201
27759	1	30983
27759	5	29381
27759	4	30228
27766	0	30517
27795	0	30517
27795	1	30604
27795	1	30884
27795	5	29381
27795	4	29164
27795	4	30738
27804	0	30584
27804	0	30999
27804	0	30556
27804	1	29216
27804	2	30434
27804	5	29381
27812	0	30438
27812	0	28995
27812	0	30517
27812	0	31085
27812	0	29345
27812	0	29905
27812	1	29269
27812	2	31230
27812	2	29762
27812	5	30248
27812	5	29381
27814	1	30610
27814	5	29959
27815	0	30333
27815	0	30517
27815	1	30610
27815	5	29959
27816	0	30517
27822	1	31084
27822	1	30360
27822	1	29642
27822	5	29381
27822	5	29866
27822	4	29164
27826	0	30517
27826	1	30234
27828	0	30517
27828	5	29794
27828	4	29636
27834	1	30026
27834	5	30446
27838	0	30517
27840	0	30932
27840	0	30517
27840	0	29374
27840	1	31393
27840	1	30682
27840	2	30392
27840	3	29721
27840	5	28954
27840	5	30213
27840	5	30778
27840	4	30183
27840	4	30912
27842	0	29514
27842	1	30372
27842	4	30962
27843	0	30517
27843	1	30047
27843	1	29565
27843	2	30901
27843	5	31425
27844	0	30517
27845	0	31164
27845	0	31091
27845	1	30417
27845	1	30378
27845	2	30392
27845	5	31089
27845	5	29278
27845	4	29334
27845	4	30866
27846	0	30517
27846	1	29962
27846	5	29011
27852	1	29927
27853	1	31414
27853	5	30509
27865	0	30517
27866	0	30517
27875	0	29739
27875	0	30517
27875	1	29844
27875	5	29939
27875	5	30595
27875	4	30174
27876	1	30359
27876	1	29216
27876	2	30694
27876	5	31229
27876	5	29385
27883	0	29348
27883	0	30517
27883	1	29142
27883	1	31436
27883	1	31178
27883	4	29033
27885	0	30517
27888	0	30309
27888	0	28949
27888	0	30517
27888	1	31101
27888	1	30094
27888	2	30392
27888	3	30677
27888	5	29381
27888	4	30342
27899	0	30517
27901	0	30517
27901	5	30734
27902	0	30911
27902	0	29922
27902	0	30517
27902	1	30682
27902	1	31013
27902	1	28998
27902	1	29136
27902	1	31174
27902	2	30970
27902	2	31267
27902	4	29033
27905	1	30599
27905	3	30925
27905	5	29381
27906	0	30517
27906	5	30776
27915	0	31050
27915	1	30234
27915	1	29433
27915	1	30849
27915	2	30392
27915	5	31417
27915	4	29671
27915	4	29330
27915	4	30296
27928	0	30517
27928	5	30792
27928	4	31009
27931	0	30517
27940	0	31385
27940	0	30517
27940	1	29291
27940	1	29002
27940	2	30848
27940	2	29402
27940	3	29481
27940	3	31039
27940	5	29381
27940	4	31009
27941	1	30976
27941	2	30392
27941	5	30933
27941	4	30962
27949	0	29153
27949	0	30517
27949	1	30414
27949	1	29608
27949	1	29314
27949	2	29459
27949	4	29910
27950	0	29088
27950	0	30517
27950	0	29466
27950	0	30543
27950	0	29584
27950	1	30193
27950	1	31329
27950	2	29102
27950	5	30111
27950	5	30467
27950	5	29173
27950	4	30339
27950	4	30017
27950	4	30670
27952	0	30517
27956	1	29216
27956	4	30044
27957	0	29311
27957	0	30868
27957	0	31030
27957	1	31329
27957	4	30679
27958	0	30517
27958	1	30492
27958	2	30392
27958	5	29234
27958	4	31009
27959	0	30200
27959	0	30868
27959	0	30517
27959	0	29187
27959	0	30312
27959	0	30312
27959	1	30353
27959	2	30619
27959	3	31316
27959	5	29381
27959	5	31327
27959	4	29542
27963	0	30153
27963	0	29043
27963	1	30498
27963	1	31061
27963	1	30589
27963	2	31217
27963	5	29381
27963	5	29426
27963	5	29888
27963	4	30106
27963	4	30959
27963	4	30549
27963	4	31123
27964	0	30305
27964	0	29400
27964	1	31378
27964	2	29533
27964	5	30375
27964	5	29341
27964	5	30196
27964	5	30322
27964	4	29441
27966	0	30517
27966	1	29490
27968	0	30742
27968	1	29900
27968	4	30602
27969	0	30295
27969	1	29216
27969	2	30392
27969	5	31134
27969	5	31037
27969	4	29574
27970	0	30517
27970	1	30144
27970	1	29455
27970	2	31074
27971	0	30916
27971	0	30868
27971	0	30218
27971	0	29501
27971	0	30014
27971	1	30890
27971	1	30278
27971	2	29533
27971	2	29807
27971	5	29381
27971	4	31419
27971	4	29081
27971	4	30182
27973	5	29133
27973	5	29990
27973	4	31352
27974	0	30517
27974	5	30624
27980	0	30654
27980	0	30517
27980	0	29043
27980	0	29295
27980	0	30008
27980	0	29992
27980	1	29216
27980	1	30523
27980	1	30812
27980	1	30958
27980	2	29732
27980	5	29716
27980	5	30085
27980	5	29626
27980	5	30336
27980	4	30717
27980	4	31359
27981	0	30517
27981	1	29758
27981	1	30087
27981	1	30177
27981	2	30392
27981	5	29234
27983	0	30517
27984	0	30517
27985	0	29325
27986	0	30517
27987	0	30517
27987	1	29219
27987	1	31129
27987	2	30392
27987	3	30677
27987	5	31168
27991	0	30517
27993	1	31317
27993	1	29717
27993	1	30077
27993	1	29096
27993	1	30517
27993	2	30392
27993	3	30274
27993	5	29381
27993	4	29033
27994	1	29813
27994	1	29979
27994	1	29765
27994	2	30392
27994	3	30274
27994	5	29381
28002	1	30268
28002	1	31223
28002	2	30392
28012	0	29535
28012	0	30517
28012	1	31139
28012	1	29375
28012	2	30315
28013	0	29325
28017	0	30485
28017	0	30868
28017	1	31329
28017	1	30890
28017	4	29179
28017	4	29033
28023	0	29575
28023	0	30517
28023	0	29176
28023	0	31398
28023	1	30047
28023	1	30181
28023	1	30229
28031	0	30517
28031	1	30870
28031	5	29055
28033	0	31046
28033	0	29796
28033	0	30517
28033	0	31388
28033	0	31088
28033	0	29985
28033	1	31026
28033	1	29212
28033	2	30814
28033	2	31086
28033	4	29705
28033	4	29826
28034	0	30517
28036	0	30517
28039	0	30517
28045	0	30517
28048	0	31380
28048	0	30665
28048	0	30517
28048	0	29529
28048	0	29925
28048	0	31357
28048	1	31367
28048	1	30871
28048	1	30633
28048	2	29127
28048	2	30392
28048	3	30677
28049	0	29035
28049	0	31243
28049	0	30797
28049	0	29526
28049	1	30786
28049	1	29106
28049	1	30193
28049	2	29365
28049	5	29494
28049	5	30419
28049	5	31356
28049	4	30030
28051	0	29227
28051	0	29271
28051	0	29061
28051	0	29098
28051	1	29900
28051	1	29216
28051	1	30554
28051	2	30392
28051	5	29381
28051	5	31403
28051	5	31376
28051	4	30201
28051	4	30313
28051	4	30581
28052	0	31073
28052	0	30868
28052	1	30890
28052	2	31215
28052	4	29033
28065	0	30517
28082	0	30517
28083	0	30517
28087	0	30517
28087	5	30859
28088	0	30517
28089	0	30517
28089	1	29356
28089	2	30392
28089	3	30274
28089	5	29502
28089	4	31009
28093	0	29294
28093	0	30517
28093	1	29672
28099	0	30517
28099	1	30865
28099	2	30392
28099	3	30767
28099	5	29110
28099	4	30302
28111	0	30517
28113	0	30517
28113	1	30515
28113	1	29338
28113	3	30363
28113	5	30516
28128	5	29558
28129	0	30517
28133	0	30868
28150	0	30517
28151	0	31097
28151	0	30517
28151	1	30896
28151	2	29067
28151	5	29091
28151	4	28953
28155	0	31382
28155	0	28960
28155	0	29484
28155	0	31274
28155	0	29996
28155	0	30634
28155	1	30123
28155	2	31014
28155	2	30412
28155	5	30375
28155	5	30006
28155	5	28961
28155	4	31019
28156	0	30907
28156	1	30150
28156	2	30392
28156	5	30048
28156	4	30674
28157	0	30618
28157	0	30868
28157	0	29445
28157	0	30206
28157	0	29818
28157	1	31329
28157	1	30703
28157	2	31299
28157	4	29118
28157	4	29482
28160	0	30517
28163	0	30517
28170	0	30517
28172	0	30517
28180	0	30824
28180	1	30607
28180	1	31013
28180	1	29216
28180	2	30392
28180	3	30728
28180	5	31175
28180	5	29776
28181	1	29783
28181	1	29867
28181	5	30430
28181	5	29068
28181	4	30962
28186	0	29917
28186	1	30611
28186	1	29920
28186	1	31340
28186	2	30392
28186	3	30274
28186	4	29731
28187	1	30568
28187	2	29063
28187	3	29451
28187	5	30561
28187	5	30772
28187	5	30069
28187	5	30821
28190	0	30269
28190	0	30517
28192	0	30517
28207	5	29902
28209	0	29591
28209	0	30517
28209	1	30234
28209	1	30810
28209	5	30993
28209	5	31002
28209	4	29757
28210	1	30234
28210	1	31333
28210	2	30694
28210	3	30938
28210	5	29915
28212	0	30517
28213	0	30290
28214	0	30517
28214	1	31132
28214	1	30554
28214	2	30694
28214	3	29721
28216	0	29460
28216	0	31030
28216	0	30472
28216	0	30644
28216	1	29125
28216	1	28973
28216	1	30868
28216	2	29154
28216	5	29057
28216	5	31406
28216	5	30349
28216	5	31051
28216	4	31339
28219	0	29840
28219	0	29488
28219	1	29447
28219	1	31186
28219	5	31435
28219	5	30529
28219	4	30720
28219	4	29666
28220	0	30517
28221	0	30517
28221	1	30059
28221	1	31261
28221	2	31215
28221	5	29304
28221	5	29346
28221	4	30783
28222	0	30517
28222	1	31157
28222	5	31277
28222	4	30962
28223	0	31412
28223	1	30880
28223	5	30076
28223	4	29424
28225	0	30517
28225	1	30831
28225	1	28958
28225	2	30392
28231	0	29685
28231	0	30868
28231	0	30868
28231	0	30726
28231	0	31250
28231	0	30655
28231	1	29587
28231	1	30067
28231	2	30984
28231	4	30680
28232	1	30234
28232	1	30391
28232	2	30392
28232	3	30541
28232	5	29749
28235	0	30868
28235	0	30517
28238	0	30517
28240	1	30359
28242	1	30234
28244	0	30673
28244	0	29601
28244	0	30517
28244	1	29594
28244	1	29510
28244	2	30736
28244	2	29491
28244	3	29452
28244	5	28965
28244	4	29033
28254	0	30517
28254	1	30931
28254	4	30161
28255	0	30517
28255	1	29277
28257	0	30070
28257	1	30890
28257	1	30590
28257	2	29474
28257	2	31012
28257	2	29022
28257	3	31032
28257	4	29033
28261	0	30517
28261	1	30554
28261	2	30392
28261	4	29422
28263	0	30517
28264	0	30517
28267	5	30037
28267	4	30969
28269	0	30517
28269	1	29532
28269	1	30926
28271	0	30517
28272	0	30517
28272	1	31338
28273	0	30517
28275	0	30517
28275	1	30234
28275	4	30962
28276	0	29948
28276	0	30868
28276	0	29580
28276	0	31114
28276	0	31394
28276	1	30890
28276	1	28994
28276	2	31275
28276	2	30344
28276	5	29716
28276	5	29453
28276	5	29358
28276	5	29034
28276	4	30720
28277	0	29130
28277	0	30517
28277	0	30838
28277	1	29077
28277	2	29386
28277	5	30186
28277	5	29278
28277	4	30499
28278	0	30517
28278	1	29733
28278	5	29552
28282	0	31221
28282	1	30926
28282	5	29381
28284	0	30517
28286	0	30517
28293	1	31286
28293	1	28962
28293	2	30392
28293	4	30133
28295	0	30517
28295	1	31129
28295	1	30793
28296	0	30517
28296	1	31378
28296	2	30392
28296	5	29381
28296	4	30899
28299	0	30517
28302	0	30517
28302	1	31296
28302	5	30807
28302	5	30410
28302	4	30401
28303	0	30517
28304	0	30517
28304	1	31129
28304	5	29217
28310	0	30517
28310	1	29045
28310	5	29060
28310	4	31042
28311	1	29254
28311	1	31333
28311	2	30392
28311	5	30314
28315	0	31281
28315	0	30517
28315	1	29735
28315	1	30836
28315	2	30901
28315	5	29926
28315	4	30133
28316	0	30517
28322	1	30279
28322	1	30195
28322	2	30392
28323	0	30517
28323	1	29702
28323	5	30457
28324	0	30517
28326	0	30517
28327	0	30517
28333	5	29049
28333	4	30853
28334	0	30517
28336	0	30517
28340	0	30517
28345	0	30517
28359	0	30517
28361	1	31090
28365	1	30119
28365	2	30392
28365	4	30962
28368	0	30760
28368	0	30868
28370	0	30671
28370	0	30517
28370	1	29228
28370	1	31367
28370	1	30233
28370	2	30392
28370	3	29451
28370	5	29381
28370	5	30768
28370	4	30656
28372	1	29216
28374	0	30627
28374	1	30823
28374	1	30432
28374	2	30392
28374	5	30317
28374	4	31325
28374	4	30886
28376	0	30517
28376	1	30918
28376	3	30274
28376	5	29381
28376	4	29741
28380	0	30517
28380	1	29522
28380	1	31373
28380	2	30392
28380	4	30557
28393	0	30517
28393	1	29510
28397	0	30517
28397	1	29522
28397	5	28997
28397	4	29033
28397	4	29528
28398	0	30517
28398	1	30664
28398	1	30952
28398	1	30897
28398	4	30576
28398	4	29335
28399	0	30517
28403	0	30517
28405	0	30517
28406	0	30517
28408	0	30517
28415	0	30762
28415	0	30868
28415	0	30868
28415	0	31053
28415	0	31146
28415	0	29007
28415	0	29007
28415	1	30890
28415	1	30870
28415	2	29473
28415	2	31313
28415	5	29381
28415	5	30356
28415	5	30963
28415	5	29759
28415	5	30743
28415	4	29033
28415	4	28950
28417	0	30517
28417	1	31333
28418	0	30517
28424	0	30517
28425	0	30517
28425	1	29207
28425	1	30403
28425	3	30348
28425	3	29450
28426	0	30042
28426	0	29043
28426	1	31013
28426	1	30926
28426	2	30392
28426	5	30411
28426	5	29070
28426	5	30662
28426	5	29381
28426	4	30023
28433	0	30517
28433	1	29080
28433	1	30140
28433	4	29033
28440	0	30517
28442	1	31374
28442	1	31075
28442	1	30765
28442	2	30392
28442	5	29412
28445	0	30517
28446	0	30517
28446	1	30788
28446	1	29853
28446	2	31074
28446	3	29415
28446	5	29210
28447	0	30517
28448	0	30517
28449	0	30517
28450	0	30517
28450	1	30919
28450	4	30783
28482	0	28968
28489	0	30517
28489	1	30234
28489	1	30122
28491	0	30517
28492	0	30846
28492	0	30868
28492	0	29649
28492	0	29391
28492	0	29656
28492	1	29002
28492	2	31410
28492	5	29673
28492	4	30648
28492	4	31421
28494	0	30517
28494	1	29729
28495	0	30517
28519	0	30861
28519	0	31240
28519	0	30134
28519	0	29711
28519	0	30454
28519	1	30325
28519	1	29352
28519	2	30530
28519	5	31365
28519	4	29468
28519	4	29328
28528	0	29047
28528	0	30517
28528	0	29372
28528	1	30727
28528	1	29954
28528	1	31302
28528	1	29696
28528	2	29994
28528	3	30541
28536	1	30103
28536	1	31129
28536	2	30392
28536	5	29234
28537	1	30868
28538	0	30517
28540	0	29944
28540	0	30554
28540	0	30517
28540	1	31219
28540	1	30612
28540	2	29473
28540	3	31196
28541	0	30517
28544	0	30517
28546	5	31351
28558	5	30588
28564	0	29531
28564	1	30510
28564	5	29026
28564	4	30906
28567	0	30517
28567	1	29144
28567	1	31333
28567	2	30392
28569	0	30902
28569	0	30517
28569	1	29115
28569	1	31367
28569	2	30901
28569	3	30677
28569	5	29381
28569	5	30437
28569	4	29760
28576	0	30517
28577	0	30517
28577	1	30234
28577	1	30209
28577	2	30392
28577	5	31179
28582	0	30517
28586	0	30517
28587	0	31268
28587	0	30517
28587	1	29869
28587	1	31333
28587	1	29970
28587	5	29381
28588	0	30517
28588	1	30870
28589	0	30104
28589	0	30517
28591	1	29222
28591	1	31087
28591	1	31257
28591	1	29496
28591	1	31129
28591	5	31110
28591	5	29845
28591	5	31349
28591	5	30043
28591	4	30962
28592	0	30517
28601	0	30517
28602	0	30517
28602	1	30154
28602	2	31215
28602	5	30923
28602	4	30674
28605	0	30517
28605	1	30868
28605	4	30687
28606	0	30517
28606	1	30259
28606	1	30003
28606	1	30568
28606	2	31215
28606	5	29986
28606	5	29381
28606	4	30962
28607	0	30517
28607	1	30868
28607	2	30651
28608	0	30517
28608	1	30868
28617	1	30018
28617	5	31397
28617	5	30171
28620	0	30517
28620	1	31320
28620	1	31129
28620	5	30483
28620	5	29968
28620	4	30479
28626	0	30517
28626	1	30158
28626	2	31010
28626	5	30997
28626	4	31009
28628	0	30517
28632	0	30517
28635	1	29319
28635	1	29933
28635	1	29957
28635	4	30582
28642	0	30517
28645	0	31079
28645	0	30517
28645	1	31187
28645	1	30972
28645	2	31303
28645	3	29414
28645	5	30310
28645	5	29234
28645	5	29301
28645	5	29371
28645	5	29099
28654	0	30517
28658	1	29315
28658	1	29417
28658	1	30338
28658	2	30334
28658	5	29048
28660	0	30517
28665	1	31090
28665	2	29078
28665	3	30541
28665	5	30197
28669	0	30517
28669	1	30234
28669	1	31333
28669	2	29814
28669	5	29017
28672	4	29828
28674	0	30517
28677	0	30517
28679	0	30517
28679	1	31011
28679	5	29381
28679	4	30071
28689	0	30517
28692	0	30517
28693	0	30868
28693	0	31030
28693	0	30890
28693	1	31329
28693	2	30263
28693	5	29961
28693	4	29427
28694	0	30517
28697	0	29388
28697	0	30517
28697	0	30231
28697	1	30199
28697	1	30515
28697	5	30064
28697	4	30962
28705	0	30517
28708	0	30517
28710	0	30517
28713	0	30517
28722	1	30517
28722	1	31195
28735	0	30517
28746	1	30273
28746	1	29792
28746	5	30544
28746	5	30695
28746	4	29590
28750	0	30517
28750	1	30526
28750	5	29592
28750	5	29461
28750	4	30004
28752	0	29112
28752	1	31035
28752	4	29004
28754	0	30517
28755	0	30517
28756	0	29462
28756	0	30517
28756	1	28989
28759	0	30517
28759	1	30609
28759	4	30657
28769	0	30517
28769	1	29463
28769	1	30234
28769	1	30711
28774	0	30517
28777	0	30517
28786	0	30517
28791	1	29920
28791	1	29231
28795	0	30517
28798	0	30517
28798	5	29368
28798	5	30551
28800	0	30517
28807	0	30517
28807	1	30187
28812	0	30517
28812	1	29544
28812	2	30392
28822	0	31121
28822	0	31395
28822	0	30517
28822	1	30684
28822	1	29869
28822	1	31333
28822	2	29816
28822	4	29542
28828	0	30517
28828	1	31195
28831	0	30517
28831	1	29695
28831	2	30901
28841	1	30291
28841	5	31423
28846	0	30517
28857	1	30974
28857	5	31031
28857	4	28969
28860	1	30193
28860	1	29058
28860	5	29747
28860	4	29033
28868	0	29602
28868	0	30478
28868	0	29571
28868	4	29607
28876	1	30157
28877	0	30517
28879	0	30517
28879	1	30517
28879	1	29128
28879	4	30201
28884	0	30517
28886	0	30517
28886	1	31331
28887	0	30517
28890	0	30517
28890	1	30688
28890	5	29381
28890	4	28986
28893	0	30517
28893	1	28991
28893	4	29682
28933	0	31103
28933	0	30868
28933	0	29425
28933	0	29740
28933	0	30842
28933	1	30346
28933	1	30145
28933	1	30298
28933	2	30159
28933	2	29168
28933	2	30093
28933	5	29381
28933	5	30214
28933	5	29774
28933	5	29000
28933	5	29244
28933	4	31004
28933	4	30512
28933	4	30311
28933	4	29454
28934	0	30868
28940	0	30517
